#OTU ID	1	2	3	4	5	6	7	8	9	10	11	12	13	14	15	16	17	18	19	20	21	22	23	24	25	26	27	28	29	30	31	32	33	34	35	36	37	38	39	40	41	42	43	44	45	46	47	48	49	50	51	52	53	54	55	56	57	58	59	60	61	62	63	64	65	66	67	68	69	70	71	72	73	74	75	76
Agathobacter sp900543445 PLC123.3	4978	2173	0	2077	5030	35621	9698	13727	7129	1126	1808	4879	5039	2510	540	614	3724	2522	12699	9179	1785	6078	4520	7661	11915	7178	19165	8749	7613	1264	4313	9107	23521	556	0	6042	0	21659	641	13333	6157	6220	0	1770	5474	0	4220	5114	0	2389	99457	58779	0	23004	1040	0	4209	21038	0	0	5283	6976	13723	71458	8322	5586	0	17002	1306	15598	4246	8037	7201	6232	5830	3085
Fusicatenibacter saccharivorans PLC187.2	467449	23410	5984	89359	14502	105224	55639	0	36453	98779	1744	42972	36271	9207	50744	95267	7174	84908	156337	67531	19704	98834	85309	30303	18459	55321	45355	83084	61329	41389	26231	67348	844	141823	0	127515	130151	10941	65488	37789	27598	60133	50352	1380	21417	0	119429	63991	0	0	69859	11268	0	187208	1250	0	8460	0	833	34749	77179	2809	53105	64108	14689	55079	16946	100677	1490	25209	41786	113357	70718	26245	0	21904
Alistipes putredinis PLC188.14	57191	790463	1325	18658	196166	577284	311874	26045	26324	1852419	693274	18522	22549	167254	331416	223721	254933	250222	425021	0	257695	5627	30988	3907	192158	0	15284	1050	0	119308	23184	57499	24346	176608	1719	834576	39453	49918	97042	542834	21697	582564	0	0	16650	29755	586505	65210	0	21841	49108	65502	0	2105388	0	9500	10792	95291	90796	25472	86248	72138	15351	47735	287818	0	48525	1613013	4195	39406	176985	404850	1332023	65658	189802	602701
Dorea_A longicatena_B PLC189.11	32704	391199	0	0	30962	24731	13884	90314	0	33392	25310	34142	65654	465924	13491	0	6415	0	34461	69439	66104	6751	5975	257190	72803	77505	31002	60573	49512	16317	21680	73109	10121	0	0	17312	0	85543	19886	38533	0	28100	2410	16704	11549	0	12363	17453	0	16724	21788	14013	13589	63992	17083	0	16337	53561	7807	0	2292	10039	21975	80860	67359	52433	0	33229	622	21160	26038	20999	30222	187564	85427	3809
Agathobaculum sp003481705 PLC189.19	3022	136506	0	3654	17836	2317	10297	4401	1295	0	644	928	30119	129053	0	0	1399	2898	1018	1259	0	1833	1219	9570	2263	469	29603	1220	1096	11518	877	0	654	1043	1801	7137	1831	2241	975	4643	0	2608	1652	811	1094	0	7676	701	0	0	7128	424	0	0	1254	614	1096	34016	1900	0	8335	7391	15977	5851	949	2557	0	7416	558	6515	12566	928	13238	2263	1013	1342
Dialister sp002320515 PLC189.22	4592	1901810	1311	6225	7296	9507	19123	6752	5757	4974	8468	4333	8256	1704068	5829	3608	8227	3176	14257	7552	19002	11877	10185	18812	23643	2696	5577	8582	6629	10097	4657	15101	8856	430	0	5586	2956	18880	0	3820	7348	3440	977	0	5439	0	7863	2011	2909	3521	11146	12489	2590	15711	0	0	5378	6058	629	0	6461	27245	13002	32229	16582	1386	0	22995	5124	4904	5448	12090	10535	35269	12896	11135
Gemmiger formicilis PLC190.4	584	25065	500	0	50770	477	191099	80762	0	2722	80924	59478	28107	18028	4495	15567	22564	15286	69358	85526	3627	0	0	0	48009	55873	99186	110099	82957	16037	33336	57799	45271	1124	0	85808	0	26177	4510	261764	96939	38507	17840	7795	4544	41955	42978	15077	11311	977	85617	44374	2756	51687	37603	0	34287	135080	0	7573	6923	68592	52903	21970	32499	517	68882	434655	0	112914	55539	106293	60613	314926	73453	34240
Ruminococcus_E sp934476515 PLC191.21	3533	6210	0	6152	14604	508	15519	0	10690	46765	30139	1025	30029	4384	32586	15267	3801	13511	10764	0	14650	2949	5296	17606	22843	0	6915	0	1651	58971	2607	4064	1121	4207	2919	11747	11533	0	15020	2321	20593	6282	0	1704	40034	0	4813	0	5787	12465	1843	3156	8566	18696	606	2666	0	525	5150	1250	5735	0	0	12755	48190	0	5424	8205	4449	65988	3307	8533	8822	13859	4083	4182
Clostridium_AQ innocuum PLC192.16	14237	5516	3257	79494	1055	13265	4502	20659	142771	15670	9179	2763	30426	7703	2027	9574	4541	2047	109767	9793	7588	15338	14844	29646	5177	3553	2797	8896	5747	12146	2251	43495	3100	129657	16139	4275	103856	3093	24466	5508	18488	7277	283631	29958	11074	1891	3009	4421	0	7645	5137	2873	6207	4235	5787	5915	15342	5908	45398	9845	184117	8337	0	3910	2714	13412	19630	3591	24653	6823	7848	66269	1881	9874	38280	3433
Faecalibacterium longum PLC192.24	20548	63622	3964	12691	55952	72298	48862	0	0	0	122893	18506	498412	59826	0	0	69192	135135	14716	29430	0	5482	5946	19588	200279	0	115614	16570	15896	340100	9715	15948	25483	0	28483	56857	0	28028	0	28805	19591	35248	0	0	35048	0	94187	14851	0	5229	43964	28737	26844	46737	12815	44925	5779	520	4892	0	12023	54577	108323	48924	147650	0	0	102120	1971	52956	49298	9934	28126	38141	87189	114514
Schaedlerella glycyrrhizinilytica_A PLC192.9	44823	483	0	13861	621	7860	4717	27895	32116	2496	4048	6244	15076	0	995	856	9626	10446	13374	24818	3179	0	2190	46966	6286	0	12778	26716	19236	5157	5188	7940	2618	0	1255	8577	8882	5254	73827	2986	4734	3191	0	74985	5039	0	9968	1250	0	1395	3448	3189	1575	3595	0	522	19821	0	28241	856	9147	3791	830	6907	3372	8657	0	4339	69634	4882	27019	10392	10902	33345	10791	10680
Blautia_A wexlerae PLC194.32	335868	107915	13021	78329	53789	81963	130657	120583	32467	19600	44358	88614	34981	165133	30719	0	88188	12465	187872	144935	203640	233230	179092	750397	29781	151997	82372	118753	86085	0	62660	115854	33822	18341	0	83695	28102	197241	11800	145611	123025	117269	13315	33410	45468	19631	223657	20563	25263	45231	27196	56818	0	203819	35045	0	73470	150771	31877	5481	180911	91208	48427	252267	15255	545002	4942	124858	59053	108510	13793	127037	14309	423727	168527	55850
Dorea_A longicatena_B PLC199.5	7239	0	0	148953	20661	29996	13616	85729	6215	12593	26034	36517	62486	0	5292	1683	13882	0	6591	67780	41181	18989	15625	195345	11089	98348	26692	59819	44093	16291	23924	47456	7242	4160	2794	13062	33994	79317	14095	28802	731	39387	0	11203	16283	0	0	12402	20398	0	26544	12714	13639	99588	17487	1669	4956	46751	55357	0	0	14912	28355	14661	5191	68906	0	56166	2908	25680	17057	3065	29031	151312	98352	8822
Varibaculum cambriense_A PLC200.13	3269	1267	6152883	4993	1451	3829	2213	2785	69496	0	3155	2517	5056	1358	0	0	1308	1569	6363	3417	451	2960	2559	10403	1702	3923	832	2738	2295	7338	1429	3333	787	1432	2840	0	4323	3986	2204	3269	2561	2676	1434	1343	1698	0	2577	845	2039	1675	1093	1182	0	3110	0	1223	4246	2970	8270	558	3798	1687	1094	9123	1182	2853	0	3131	1045	710	1570	4945	1184	2776	3188	1049
Winkia sp002849225 PLC200.9	20392	4089	504105	18221	4667	16293	16511	155627	8971	2014	18104	2592	7720	4313	2573	881	18344	7643	28240	53386	15562	24016	22884	33114	7018	9232	5152	59829	54634	6038	1708	13505	36625	10570	69175	1959	50749	13807	86402	10237	8833	31956	121575	144668	27074	75206	5304	106239	114903	9846	10758	13445	57605	20134	79107	94027	65909	28250	8825	217627	40696	18747	6313	2540	6464	54756	194737	6726	11983	5774	6649	88379	6502	5034	16891	10827
Bilophila wadsworthia PLC201.2	111184	19556	1040	5637	51497	9384	26988	0	87393	117346	108703	18521	76276	13496	9994	21210	63572	8023	4813	30333	9619	10469	22297	2617	3159	0	2044	191972	41163	47149	14584	7386	1344	0	0	8260	34985	11393	102260	689	32464	2841	0	1131	5588	0	6336	6463	0	1841	5172	1898	0	43353	551	0	0	197128	30572	0	0	1131	22326	94329	2333	0	0	15403	0	6001	149394	13066	68897	173368	12372	71167
Faecalibacterium sp900539945 PLC201.23	7586	206938	1794	2168	446618	526060	866798	0	14416	115403	31533	286993	990154	146157	25340	1548	276324	88539	247450	16202	24664	4235	4452	14712	1061299	3101	1279504	18786	14342	536758	148522	58703	112925	19392	8497	1088069	8763	110746	7322	313898	25047	298597	0	0	18763	2967	186389	109355	0	4886	945339	201376	27912	122707	23094	2347	2527	55515	11140	840	8176	279758	556104	253534	725027	16227	910	831774	4495	649774	476377	278274	709443	392431	524664	530337
Dialister succinatiphilus PLC203.25	0	24641	0	3066	12472	24493	32384	2900	2467	14221	9652	10604	16316	19278	6145	0	22609	16882	11885	9642	1578	12268	13053	20837	62077	1188	56747	16015	10494	4377	5584	20618	3671	5875	0	22391	2221	4460	4367	32462	23486	17202	0	0	0	0	14961	7129	0	0	36761	7411	0	25021	0	0	10823	37877	0	1486	7219	29366	20077	35290	42313	4135	0	49252	2227	69984	41722	15669	23004	37014	38700	38149
Holdemanella sp900556915 PLC204.18	144294	16024	1236	14771	86885	473105	13968	4741	15698	442935	89855	6145	32059	12349	422857	97098	27797	58414	38218	0	253591	4855	4186	28419	12081	0	331906	0	0	68023	5485	0	41407	15321	4644	18039	214852	0	23242	214859	1654403	10248	2603	4987	39391	1056	7340	36711	17501	61604	5664	57537	36967	135167	1426	2351	3543	0	9777	4287	34578	138341	39054	4702	11230	45782	2620	16426	0	36085	8403	19337	1399	20901	40608	7817
Copromonas sp900066535 PLC205.14	10194	9235	2298	547661	17520	3696	11623	2950	65963	14213	38503	4700	3185	7682	2689	182095	47902	6029	2642	65992	2482	17813	55744	41582	1932	6803	11883	86076	28929	5193	3994	2190	5295	697	562	2031	15474	2817	2993	15798	23609	1654	2188	1897	184497	1139	6081	17505	0	19367	7509	2744	925	2234	9867	0	2365	9907	1450	0	6316	14064	15313	4068	1481	72997	0	4558	921	9376	10087	2741	36601	2936	3028	25753
Faecalibacterium longum PLC205.15	12281	95426	6444	2214399	73172	74531	99626	0	37467	2769	138917	28111	230374	72661	0	0	64196	162534	35796	12611	1557	2559	497	33680	199559	0	153062	16206	10001	153283	14420	17141	14986	0	0	100098	9440	34053	7520	57281	17288	75292	0	17796	15535	0	108097	34166	0	5289	61561	31231	0	62327	0	0	3252	55658	10630	878	0	56201	192902	41971	149136	4359	108289	128337	1726	108855	72645	47396	70030	30324	91073	102925
Longicatena caecimuris PLC205.2	4784	932	788	694655	2084	8146	3088	29805	8598	31596	18822	1816	1443	964	632	633	4174	7198	11183	6468	1479	6227	7128	30785	4706	2880	1711	6409	2482	1439	1724	2662	616	796	2810	1364	34636	3159	3033	2077	4944	917	945	5182	2819	5274	7258	0	0	3312	2370	1035	774	3452	0	3814	1789	1498	9036	1571	5213	2936	2889	3117	3627	8691	0	3481	0	1370	1012	13391	741	7833	5583	2279
Butyribacter sp003529475 PLC206.47	2874	3171	634	50332	6957	16601	89366	3824	18089	4484	2694	6256	1791	2393	4897	0	36646	2179	13646	4191	5716	0	0	2712	3873	2709	6992	4601	4997	3692	6239	48031	11347	3878	785	39309	0	5148	3417	6478	3638	4019	0	2113	84540	833	65581	1827	1359	1797	45799	12466	524	19631	682	0	3360	3070	1037	804	3063	24562	14944	99643	3784	2098	1078	3623	1436	3207	6752	13264	20244	41079	8106	36811
Faecalibacterium longum PLC208.21	15437	50092	0	0	61124	39183	58026	0	0	37736	134880	12984	272943	38537	30924	27014	37587	124348	12985	6763	27287	8290	12751	12440	165555	7121	64922	17289	11733	202210	11709	11420	0	39012	0	60220	0	27929	3522	19190	7569	47739	0	0	35300	0	109207	30040	0	15283	27743	8527	0	75500	0	0	12624	23750	1053	9163	33491	36798	74869	66483	144855	1407	7413	96936	10518	75599	59494	11696	41558	19311	36067	68928
Dysosmobacter welbionis PLC210.10	0	3101	0	1148	16872	148888	12289	717	22979	121402	0	33746	852	3396	5858	7591	20588	168966	26382	103640	5954	2177	2072	24177	19322	0	3391	114302	167865	2649	49861	17775	5762	1918	0	1654	2139	4963	887	7467	45724	5750	460	0	19521	0	31641	4095	0	3989	20156	9739	0	19149	0	0	747	7234	0	0	153549	8362	9460	4315	23083	638	0	6736	2239	10438	156460	40159	80644	24321	85401	41991
Faecalibacterium duncaniae PLC210.24	41510	155768	0	20609	255052	197321	193901	67001	74983	78358	62242	196813	78445	151083	7935	7271	224713	63267	79836	97474	26914	63683	62399	116213	651678	56285	1014282	82685	67247	36213	99389	63614	118290	0	92953	374383	79011	122050	37747	90037	42138	289068	64992	54470	73802	104796	137846	59997	95842	21824	253671	107127	88316	157740	168612	123532	41712	124898	3532	73013	42120	197397	200399	170442	423437	66444	86282	225540	8149	865301	340479	99540	165115	424166	999378	309937
Ruminococcus_E bromii_B PLC212.26	45127	23790	795	18449	25425	68251	68362	11772	347751	25920	112522	67481	95334	24484	57585	21174	59772	53294	78556	48587	17535	13106	18609	76547	56864	16422	168261	49534	33976	66086	45488	89936	16227	226871	2340	93289	13525	131012	51985	111931	65088	60083	446	0	39913	0	43980	32504	7216	64991	122902	26239	13259	235288	1236	3696	1167	31513	0	6109	30257	87993	163539	256350	24843	27444	5254	125828	780	138085	73920	67138	58602	24715	80947	65612
Blautia_A massiliensis PLC212.9	60770	59188	17190	5654	56114	66451	143203	2094	629	10860	950	83836	60660	86450	14984	0	100861	2321	58654	79984	87272	44160	31757	843654	145317	28732	96330	73361	65021	8565	50686	85784	42735	2445	728	47130	4270	204190	652	57192	636	25236	1313	2033	6573	34029	159197	11261	0	1073	39117	54346	0	139131	7931	668	211183	207618	2330	51708	495	77437	106842	21512	78783	34766	0	57702	2189	79951	3279	39587	63788	58295	389737	82377
Faecalimonas umbilicata PLC213.1	292517	0	13161	39524	1397	1366	1659	224242	27248	556	2267	669	30195	0	405	14564	2188	15311	3276	14981	0	362539	277945	399272	2029	0	0	18775	14144	10711	629	741	883	42356	3548	0	24482	923	230420	957	35743	0	1787	223135	10860	6968	3331	0	352690	79325	461	1070	15881	0	0	1373	69367	1608	670881	0	3576	653	497	2007	1086	514464	0	649	3900	925	4007	1659	0	7174	883	1517
Roseburia sp003470905 PLC213.4	9983	3850	0	4545	26964	8125	82257	1975	13056	4176	6565	22270	15182	3744	0	6613	10470	3885	12451	9632	5250	13979	10892	1019	18976	4465	274070	7447	9559	4336	18844	11404	25175	0	0	17737	15691	9432	729	82096	10043	4034	0	0	15767	2384	25551	2504	2256	4204	29488	22718	917	7503	2593	0	3627	4791	0	0	5422	14840	4277	84983	16488	28167	0	47487	0	32323	11683	9935	10874	12624	9354	11164
Lachnospira eligens_A PLC213.8	2739	1785	0	2406	7281	12313	24053	0	13455	0	2462	13754	44507	2966	11540	14529	19005	6107	10145	57490	23918	807	3032	31836	5147	24048	52385	79467	84746	14386	6225	20710	7658	1020	0	23248	29397	34979	0	51051	7830	0	0	0	4447	2966	19470	0	0	25879	37784	12314	0	29784	1957	0	1270	0	1339	0	4947	18455	35569	21045	1100	18763	0	25038	1656	2709	559	9424	31372	5859	2634	15531
Streptococcus salivarius PLC214.23	63326	88243	2229	118745	20015	170002	22095	12248	2259	701	3985	18425	17187	106957	5073	0	0	0	11976	5492	18456	38297	26858	26216	38330	61425	18408	2852	2836	5882	13836	97886	2670	5636	12794	16275	81529	778368	584	13021	12174	2146	1697	3518	3187	5550	10505	15889	91911	0	5125	8129	5079	5345	9474	19036	29928	28475	67801	3937	21648	7070	11924	8360	23503	10066	4160	4756	26660	1150	1086	5795	1841	14608	1960	602
Ruminococcaceae PLC214.4	15953	3460	0	8451	12126	1023191	26635	51421	7341	1958	0	15322	31414	6490	0	0	22681	2722	25714	34417	6825	29600	21060	67070	12804	11861	32607	34873	29130	2570	10138	21039	9009	3054	9031	10036	2872	21966	9938	6969	7499	10804	17164	23251	20400	0	18458	19964	6004	0	14788	12025	4081	32269	4314	5366	22647	34894	9097	54166	32645	11610	11877	19542	10217	8473	10426	12552	14285	9793	0	20058	1147	19201	8827	11469
Bacteroides ovatus PLC215.11	29066	487183	1347	259986	105856	37551	168091	46512	1858255	1951430	892443	180732	403897	298539	544985	6084867	635209	759046	28959	19309	470617	563307	705016	425569	561467	31861	224106	91254	158491	433685	195998	70952	60104	7420208	3741	317601	12915	18067	170138	166069	163632	36544	68469	4486	576212	832	175939	280170	30614	1384005	33081	132758	228094	196308	3146	1626	75265	200325	111433	28311	1572633	255013	223310	7696	442368	250502	703	88366	201405	368283	327700	36015	302781	366244	32554	421392
Blautia stercoris PLC215.17	165173	20072	128992	67447	59672	102017	32029	48082	59442	36624	20001	95822	191743	24353	11081	0	177706	17849	91920	103350	42339	82725	64082	431067	44167	141462	67665	96919	73501	85220	62574	118585	21815	47793	37554	135664	151383	77378	41831	61606	34442	35237	2843	25675	114173	86447	72069	131362	23286	41247	88743	29449	163454	57856	44354	16303	42701	75838	176136	8485	196461	82368	90038	93520	31599	93819	3354	90911	7619	64984	23582	73050	55943	73716	61615	77034
Blautia_A wexlerae PLC215.19	215889	13966	21574	34441	16804	102520	66706	336279	0	12634	49058	44040	25767	23250	18999	749	19393	7027	125704	454678	104417	188343	141099	383840	34834	72571	34554	424570	300969	583	26380	74387	12991	3696	695	54971	42392	129244	19842	70928	72715	89308	31725	9285	27095	17798	95317	17238	9216	19515	26966	20105	925	37412	20297	0	54809	105596	8491	7533	575343	22526	72474	172378	17798	254886	10163	46560	40922	0	15588	85637	2922	253497	126801	10115
Bifidobacterium pseudocatenulatum PLC218.18	239910	286667	0	60100	7017	60482	15565	175508	47207	10500	62841	920	21433	362045	30658	37099	7320	61054	6048	85021	22006	3647	35715	11748	85184	0	0	100516	76361	0	3936	625	6884	72836	127251	12396	0	0	135846	29584	26541	51059	161983	170463	0	87076	9747	172411	155554	19144	32660	3185	88473	0	35827	206286	83830	59469	2332	329357	65758	0	20882	24482	79103	41728	289620	67383	66447	33835	3766	12509	49549	0	57097	16303
Phocaeicola vulgatus PLC218.21	341713	1485951	0	123932	490008	237439	899154	38463	86868	304894	11751846	325406	2214420	903212	3275154	9125764	1092596	491793	219336	200696	2869801	65786	62059	589863	201937	241775	350616	247956	215927	7279211	460677	121629	319159	196773	2554	1719538	469894	260391	1958455	425377	706767	97478	0	0	658221	7466	559402	46198	2824509	10858347	184020	263973	5757833	809735	15935	3416	12266	112072	654452	183965	885879	1426017	2633137	83264	366959	1904085	265958	293322	154450	503676	1077555	223199	3460414	880880	150657	783037
Copromonas sp900066535 PLC218.7	27696	15082	4818	21988	40845	6628	20951	5243	100560	27018	71387	13532	20958	14494	5845	43990	55940	7340	25444	61865	20432	24805	76025	82003	6555	19116	26221	74913	29938	8401	13123	14534	9742	1796	671	18147	40521	20525	5066	33097	46997	7532	0	3017	86746	0	6043	21189	729	32435	17144	6353	0	17104	11303	0	9841	2417	2553	0	14872	23110	31638	10309	5060	48888	0	21477	4306	7018	20041	20933	43051	11414	9167	34692
Bifidobacterium pseudocatenulatum PLC219.23	80670	100422	0	75349	8462	101719	27617	0	35733	0	39498	4031	53703	114185	14530	47955	33542	5971	2723	46879	16333	0	22246	74583	137207	51564	8905	40365	23115	0	0	11084	0	14530	28741	51475	435104	3033	102879	105723	68746	26159	279924	87394	0	0	867	28970	73639	86791	120232	1484	33599	46310	0	63194	23444	22433	744	58574	38085	0	50489	132149	78627	164545	215447	124646	62038	81481	0	4336	73059	53960	81941	11090
Lachnospiraceae PLC221.20	919	0	0	1782	9242	1819	264403	2533	826	704	1453	2063	1160	428	418	0	848	708	4079	1237	1036	0	0	4359	1092	5592	2165	1403	1344	1996	1844	4177	18465	0	0	1546	0	2223	0	1427	846	1431	0	2228	770	2197	2338	1019	773	2084	1014	14519	0	2502	577	0	1862	3203	10027	0	2859	2638	1354	3791	1036	2632	0	4907	0	1183	2462	5664	2307	667	2813	1038
Eubacterium_F sp003491505 PLC221.25	1724	3156	0	1602	11839	3057	208859	0	227619	871	2252	13028	2584	2525	59679	9710	4152	1877	5129	2035	23738	527	0	24176	3333	4045	3200	2466	1708	4252	24507	40747	5814	185079	4525	65881	7622	2509	43400	2470	2271	1306	0	2169	2990	1296	4639	972	0	1241	23313	15773	0	130702	2971	4756	1866	1925	1873	0	6912	26514	42403	17398	5231	1031	0	54757	0	22655	5880	4549	4700	8286	6782	2857
Christensenellales PLC221.39	0	3845	0	519	2849	21252	1767478	16723	0	22510	2482	2644	1146	0	51048	34954	3834	6468	12756	0	37212	0	0	0	5760	0	3253	1782	0	5053	2726	14024	10147	19600	612	8028	0	2432	15540	0	1164	3645	691	596	1638	0	19555	11280	0	2545	18940	12875	3024	28494	0	3849	4960	4168	605	49269	9927	3565	3338	8567	1506	0	4433	46247	561	28848	13804	19949	13274	2231	1672	5627
Anaerotardibacter sp000435475 PLC221.45	24922	62732	3977	9709	59062	75176	1112990	60548	63769	116097	184591	37706	77032	54329	63378	14926	23678	78862	190407	87572	49961	28332	35972	56934	67997	148641	57476	108192	90602	64073	30936	150014	32004	60724	13241	98297	70851	171661	100274	160580	42532	49817	12130	60344	14571	0	83190	84737	37515	48826	95839	58148	18651	131622	0	18461	57593	64520	32253	51279	48069	58879	48489	126290	97883	83041	22256	236503	14910	175752	45954	162917	270219	64083	62928	22628
Alloprevotella sp900540885 PLC222.17	1138	14037	1713	2760	15098	9246	14022	0	34788	73523	21974	211646	16597	4998	4261	24531	6814	66873	4621	1052	6662	23354	29447	0	29970	0	12485	1711	1610	40443	170401	6765	455	40998	0	14953	0	0	6111	2089	5278	6362	0	0	13568	0	28207	1950	17962	0	6940	9780	10080	24424	0	0	0	0	1172	6046	10685	0	33471	3215	69133	4623	0	12904	0	9488	15710	5951	61520	12234	18505	6637
Dialister sp900541485 PLC222.21	42054	10287	667469	15246	18684	22298	23985	9427	33772	16734	9350	43538	22335	11471	3515	1336	37909	11927	31997	29068	5939	16899	12224	52610	17435	23395	56387	27772	22571	129584	35322	33791	10960	761	0	17419	57723	23336	3280	22290	9290	15033	4114	5953	17112	0	16394	5545	2053	6692	22793	16478	0	35201	1451	0	11157	68616	6043	998	15309	36000	20101	95750	9235	27000	0	43395	3891	49665	16815	25785	12139	8745	25778	40978
Bacteroides uniformis PLC223.2	2190	128906	1821	22135	121328	24957	45331	2034	70302	149547	214974	91057	36018	82242	133764	85379	24075	450014	3921	0	82273	0	0	15167	51470	106170	45830	0	2193	124152	103473	0	27707	0	13804	194073	10276	10442	50301	51474	230647	6416	0	808	190635	0	129570	0	5093	203174	0	60033	59273	105773	0	26940	9513	60112	6933	15943	22475	25713	215182	11041	44374	0	9349	30624	161774	64598	68243	3204	135994	89687	24687	46262
Dysosmobacter sp001916835 PLC223.22	1590	26339	526	3266	127360	55016	30057	2510	22656	133341	3417	123889	7472	23485	82044	0	39425	41965	32319	12667	94461	2640	2018	6630	5880	4788	42399	21999	22367	0	201196	60252	45957	2046	0	17247	8888	25503	0	39564	6619	15750	748	0	2248	0	31339	11440	0	0	62855	59619	0	98802	0	0	3243	5871	690	0	6721	24631	58454	26251	9193	3642	0	68086	1010	60046	83096	34730	47205	10932	18876	71819
Eubacterium_G sp000435815 PLC224.12	1658	1020	581	2369	4969	2514	447874	478674	2956	531	661	1974	1287	1091	3008	857	2266	806	2804	9870	10999	29351	16565	18969	57966	87456	2121	7062	7187	1699	1611	167280	4217	0	0	966	882	3943	939	466	6518	747	0	773	2225	822	13308	951	0	0	13509	3902	0	35288	1083	0	771	2893	2148	0	2008	5063	2067	2734	47583	7164	0	1603	536	6395	1618	2741	12224	1027	1930	1258
Anaerobutyricum hallii PLC224.3	70755	54494	0	287465	37377	39607	51227	891425	85194	9851	44660	28145	84095	72781	5429	1759	57849	36461	164479	87346	47982	93281	75359	401035	50420	72044	62848	78576	56926	14270	12215	222763	23659	24034	18369	43014	88451	149232	34049	4923	88698	47497	9036	35754	18481	8200	124754	9973	36639	34373	12305	33327	7476	87831	12004	4012	52117	82818	103796	19047	121080	67917	16908	43921	29239	23651	0	76916	38462	34867	13755	91033	18826	90025	59874	25688
Blautia_A caecimuris PLC224.7	23510	4165	14094	450193	5372	6329	10304	407490	92271	2827	2890	7151	11360	6404	0	426	13482	15154	52553	27262	5511	33963	28531	142159	8597	7713	10280	22140	16571	3646	5207	16082	7547	2901	1276	9570	756062	22481	130654	12656	2350	7794	3500	93788	6584	3136	15249	1890	2100	735	7845	9880	1762	12580	729	543	11014	29599	42652	49638	3087	4956	7547	23269	5183	10872	0	20089	2728	7507	1314	31151	5595	20220	16898	7637
Faecalibacterium longum PLC227.28	21622	60157	0	7570	49046	98741	91622	57742	3065287	24635	43710	9656	126468	44587	14885	0	63647	127993	21150	36867	18124	0	0	18941	99130	1832	59647	51850	43508	100876	2151	20380	14622	25204	6461	67125	8608	15333	34841	41073	2626	45725	43033	44137	1992	27762	32398	58750	50087	22067	28018	16485	35201	31624	14775	12303	13731	50125	2553	90116	19744	30857	153784	43080	91664	25357	82796	92849	1263	65971	56989	48830	152813	21987	242464	111606
Escherichia coli PLC228.20	76603	2118	2164	16288	0	78792	77348	165538	32901	842	202718	0	45882	0	6066	13786	21246	14620	298927	0	690	0	0	18651	3965	14678	24451	37877	34289	77990	0	18542	52100	21814	71595	8039	0	8118	702898	957	503	23607	1074941	1236613	31262	225181	736	204322	583690	772038	0	0	0	506493	134713	55080	136116	41313	0	379310	142801	31772	14574	2412	6487	737759	30265410	6778	4266	0	25663	967434	14185	0	26837	5483
Anaerostipes caccae PLC229.16	2526	5063	562	94663	8023	5061	7046	2805	27427	341699	6206	4274	9636	4605	0	4810	5963	5957	5211	1991	880	1538	1513	5847	14082	504	19175	1859	1715	5797	2242	1810	1721	61455	436	12199	7835	2590	1731	6951	4809	4645	32952	3044	4845	0	8645	1485	0	803	6870	2476	1081	3082	0	0	1187	10368	1006	0	3068	3601	6808	3689	8691	4912	0	7348	917	11926	7819	4859	6329	7636	14532	9151
Agathobacter faecis PLC230.14	0	22774	0	0	0	16843	265150	5120	5539	0	6598	0	42105	16240	5868	8280	0	22713	18064	20174	1848	1658	1234	980	1896	9929	82906	12611	9968	5547	7331	5619	42877	11917	0	45101	0	19369	8387	46714	54183	22221	0	3725	1937	0	37926	11273	1525	61852	137494	50866	0	87906	2363	0	0	1897	784	959	34703	56769	33861	16517	2296	0	1031	104700	0	166623	35820	20018	89323	16506	11769	25088
Agathobacter faecis PLC231.4	0	17937	0	5102	0	20072	346207	0	13567	6781	71397	16292	16468	14322	0	0	20047	5566	26048	16676	419	4747	11367	13114	43255	86878	64799	8625	4359	3251	7380	24970	27084	2931	0	56533	44863	12764	0	40704	116763	32460	476	0	14344	799	88044	9310	0	349897	83548	32248	0	120780	2325	0	32300	4305	1484	3641	48412	77342	35691	29684	32307	46800	0	140814	0	98438	29730	26407	41771	2630	41514	37009
Klebsiella quasipneumoniae PLC233.19	31087	5068	2139	20586	12641	31483	11944	9129	4791	2164	33260	5054	15555	3648	0	0	59971	5209	10770	34970	2341	19508	19386	0	9246	4381	17917	16873	19142	8708	3169	4340	484800	8990	153239	7025	0	15840	20697	17074	4771	0	237984	42400	64729	961429	4000	36669	166650	30095	9266	460202	105932	4622	3917587	190696	8766	20888	2013	21998	1564	936583	16454	982	6208	17967	186162	12245	2484	15006	12435	27643	6636	6382	21771	40209
Streptococcus alactolyticus PLC233.9	757	2116	23859	2426	1483	2212	3224	3081	0	0	1777	2044	3043	2442	0	0	2754	1259	3246	3483	2255	1261	943	6146	9746	1860	8415	3360	2433	1785	1543	1600	3019	0	1088	2395	5222	4231	0	435	0	1590	877	0	945	0	2611	0	2630	0	3913	2621	0	0	1742	1438	963	6069	1307	0	2752	3095	866	3460	6492	4133	568	4416	1888	7900	2727	2597	0	1686	5912	3207
Blautia_A wexlerae PLC235.25	345471	24341	13694	15811	115286	79625	87035	141295	16022	20556	49705	47942	0	38517	28701	998	31001	0	166429	124415	121088	297683	223918	674171	11078	30920	76373	102946	75192	0	35335	69730	14683	0	0	48869	0	167225	0	57172	136443	73718	4517	3398	10402	20061	63193	17035	51222	15483	16734	25660	0	57867	42638	0	47813	80494	949	8616	191487	34493	39469	235787	5393	540435	5222	14355	47566	0	11855	104907	0	627192	135719	10924
Dialister sp900538805 PLC235.4	10562	12011	536	824	6154	5296	18362	3374	0	37793	102578	642	9469	8122	20007	17103	6581	15107	10639	3492	12032	14881	13168	2263	23582	1817	0	3632	2352	28786	1251	1757	760	12634	0	11507	2448	6525	16796	3959	0	1667	511	948	3100	1357	4353	6026	4810	32172	49210	994	40407	1920	0	0	7397	1403	12104	6268	11819	19523	17148	7316	20879	7806	3702	10597	5615	6719	15246	9113	22716	24102	6453	6927
Weissella paramesenteroides PLC236.24	2299	8042	782	8849	8542	10907	173938	58441	2164	33651	2697	9669	3139	7528	20231	8495	4445	7630	35926	2556	15986	2259	1447	11113	11487	0	13690	2900	2243	4133	9313	6791	3361	0	0	23070	8785	54087	3737	7621	285401	24294	459	395	1090	0	10541	0	2444	2375	29480	4792	0	61332	1798	0	4765	16367	5719	0	10147	4531	12339	13741	8534	3013	957	2530	2559	2731	0	23466	5981	9682	25438	4388
Copromonas sp000435795 PLC239.15	91848	1084	0	19851	79811	2779	2767	1627	1483	14237	0	4496	78194	1302	0	0	225672	468	35174	35270	0	719	987	353314	15675	0	860	46411	28915	9351	2544	56822	17535	1948	5103	0	4493	3188	4083	17803	1510	2147	0	1431	288230	0	46045	9561	0	0	4735	4364	30871	42808	718	1188	550254	2671	0	0	962	28728	36693	53242	22823	8757	0	17867	0	1902	47629	36658	21664	81779	8067	225129
Mediterraneibacter faecis PLC241.22	928242	86864	0	279479	37256	60578	59568	35251	189573	104594	80230	79743	192516	101414	258672	0	48745	95362	1006784	415896	252740	159977	119808	1812252	111094	282749	154079	498025	494563	90153	45970	226411	27176	172119	1065	188604	77445	181110	130402	149933	128311	68981	11402	13935	57097	12376	186443	43325	121632	747118	37326	25852	0	234459	33808	0	130766	201643	10236	5937	392119	44581	191646	46522	68630	496668	10738	199121	1012	28253	0	706889	146588	33949	41123	13873
Holdemanella porci_A PLC242.17	9953	9510	0	21389	96498	0	13102	7993	14485	0	1773	31372	19780	9639	0	0	49355	489	379165	15430	0	28181	23151	47567	20711	5721	3089	10969	7503	1199	26350	12079	13873	4357	10605	18636	26908	29086	5674	3554	0	69010	1325	7510	3452	990	22327	0	0	3289	12085	19010	0	2406	2354	4104	21830	21283	21261	4572	9046	6648	30493	12519	10777	16721	0	14938	0	22321	11149	128185	1350	13584	22667	34398
Prevotella sp015074785 PLC242.18	14298	0	6197	30254	1914200	75390	66439	0	21124	33602	9469	725413	73018	0	0	81107	345727	0	74032	76396	2422	12869	14568	67123	25821	1962514	203558	91449	72396	23277	794181	54444	24726	0	0	66836	52918	116945	0	49682	79853	59982	0	0	38251	0	68587	35917	29636	0	55802	42623	4068	137166	1065	0	64922	40100	5005	40516	0	123353	34690	81450	820	41572	7520	112840	0	49463	241547	68374	107256	28079	64016	623520
Dialister invisus PLC242.20	35723	30468	4635	30631	83880	27205	26791	11437	0	5213	49311	63546	17161	33151	27802	10678	35956	7419	47668	19537	23651	19485	16661	41666	35414	722	48459	18686	14485	19034	63719	62207	14010	153926	27336	14521	15394	19909	14051	15205	11643	21515	49421	8469	14776	8437	28917	7093	14305	30623	22501	19052	11144	16852	12266	43288	11888	5648	13066	13740	25797	28312	32142	23199	19136	16072	10141	26747	20420	26600	18453	35040	18813	16657	70146	48421
Acetatifactor intestinalis PLC244.23	0	3908	470	3857	55480	13464	11445	6276	6513	3481	10209	135902	9548	3328	8760	0	18304	554319	65543	11340	10870	1632	2573	0	8893	1625	593372	7196	8695	2784	170982	48856	13628	948	5704	3386	18587	73066	19766	67304	0	69524	9105	32015	142036	0	45690	148481	14391	4522	73193	19216	3239	18443	3155	3910	6445	31657	2189	6231	0	17529	54747	44308	5100	26464	0	61785	1391	22969	939	82539	208792	8121	11524	19890
Bacteroides stercoris PLC246.19	24871	107116	8749	1012	537006	51861	257118	1178	50093	1968575	304694	17265	1244632	47364	197572	0	317404	856350	122028	25777	170009	3506	5230	16639	1188214	4690	5936	45348	32534	3310620	21254	180948	146029	78392	2883	1544809	53315	3570	610673	46990	1650347	17870	0	13812	884072	3286	1391108	366874	69661	149768	29726	174899	17005	506119	0	3033	95244	201295	196336	16219	355293	124932	359169	8300	2884291	143248	26674	235917	72846	18630	96450	168470	2802268	599796	100330	947460
Fusicatenibacter saccharivorans PLC246.34	54216	0	1955	13369	30496	97511	45485	37685	14672	1883	7692	7470	639482	0	26984	0	27290	110546	62088	113722	5872	83007	55480	37285	45152	0	121449	126522	96302	108412	4014	74359	1389	16275	0	109120	36475	14190	15641	48230	15977	26647	1573	8712	27030	0	43536	23286	0	0	23235	5092	0	45236	11292	0	16987	0	1788	16101	31977	9849	11411	69982	3464	0	958	44972	1850	5682	35750	51544	39247	45823	26630	33856
Agathobaculum butyriciproducens PLC247.18	4680	8251	1041	4645	24315	17832	44956	0	10922	94629	36146	21234	27369	0	91869	103291	18431	79087	13873	730	23861	0	24976	18318	7510	9580	8663	3045	0	69864	28504	15383	53922	156331	0	37868	0	8442	43284	3462	16620	9099	0	0	38600	18530	56041	14822	2493	10793	7137	34474	9765	72286	39765	7415	30117	22540	2644	30830	56636	37809	45322	1660	69346	3231	23179	55426	0	148407	90990	13195	109508	38383	16468	40218
Anaerostipes hadrus PLC247.23	68557	35800	2973	84916	42953	51728	91576	178311	234671	76695	40701	69561	151841	43238	15381	5715	83379	87930	94136	130213	68732	106087	78281	364204	39400	122248	81073	122984	91136	23257	43838	110553	31812	66542	1579	100113	108762	108029	23070	97951	114672	47780	0	0	42612	0	121623	60260	152045	62703	48363	46114	11693	100520	9496	0	54741	71882	72622	33495	86586	67279	54505	59685	23470	126475	0	128968	14394	71965	15009	95715	65993	210107	148700	44616
Faecalibacterium longum PLC248.14	10481	43840	1558	12803	60700	35805	139311	2356	0	19678	875503	10850	315236	37141	1238	0	58979	184388	39837	20335	5885	843	0	27971	199212	1716	207321	24222	17076	208460	8371	34553	5436	0	0	59213	11008	39963	4553	45784	10948	55037	1632	11581	19616	0	209618	19998	0	8096	56391	17669	0	94155	0	0	0	53059	1496	0	16764	58399	91708	57143	145814	0	0	153727	2114	82365	104252	30589	45216	11346	94022	97760
Blautia_A sp003471165 PLC248.17	97922	44731	81626	2529805	74183	27129	62485	40486	56031	24004	25122	118524	581003	64362	12807	300976	40563	502373	210216	87600	58539	54436	42844	271682	62951	58344	65802	75545	56934	135765	79675	142825	52691	500408	13003	60719	73190	215494	385160	238027	139816	201189	0	593558	43207	27856	103334	23910	336318	28481	50328	75894	114555	59192	40807	2213	288864	465631	180058	154399	70384	51111	74715	100178	36584	205318	777	151075	33861	123876	28826	154902	596815	73439	302827	25131
Parabacteroides merdae PLC248.7	4492	87135	546	502	36830	16039	48800	582	6226	35308	30119	34642	4861	66550	70357	184793	22903	135159	15121	0	49982	0	0	0	314856	13330	31510	824	0	11392	45645	1377	10198	19387	776	14021	7392	8328	84472	10749	61233	6763	0	14174	19627	0	56724	16779	7527	36695	27435	8373	16042	172950	0	886	6267	0	10840	13110	85411	13438	0	8476	267363	5255	0	79205	44853	42147	0	19589	26432	68091	44652	27192
Eubacterium_I ramulus PLC249.16	48332	3422	2614	12530	34067	74445	11952	13404	546	4996	4536	21755	33470	4033	5708	453	31028	6163	48282	34473	17232	4207	3164	355570	108655	22262	107327	32060	23812	8733	11405	22809	8242	0	0	16264	2812	64737	1996	38907	71134	4527	0	2281	25384	2069	45661	4628	632	181854	12763	13761	3679	19113	8693	0	33839	33779	5231	540	4903	22827	10090	48495	64140	16274	0	30310	1324	80276	48080	37871	65263	9226	4933	34013
Blautia_A faecis PLC250.17	26761	49768	3653	43766	42578	28341	222867	76314	107366	33595	1376	78062	113194	80302	17179	42650	415629	134022	247171	160869	48052	421695	294079	527943	103731	293368	51512	105942	88833	19570	47805	459615	87649	0	22984	148030	68326	138180	79889	114632	285966	159092	6103	72844	196147	22075	96340	24057	14899	25953	58657	101621	13614	145892	10718	7021	112325	312908	23426	18985	22693	314681	182503	162650	60100	54551	0	178798	6021	93959	155562	178832	226765	82277	262068	322559
Clostridium_Q fessum PLC250.2	2310	4633	0	1871	5530	9378	6263	1412	625	29540	4156	5801	0	3638	440	1074	41271	1124	2249	0	817	6660	13565	43139	10612	1032130	32970	0	0	737	3554	2883	1879	0	13425	7520	0	0	1148	376556	0	2878	0	0	196910	0	7184	2954	0	41445	25971	471	483	2289	5704	3012	3908	2272	1256	0	12624	35201	24544	7239	4475	878320	0	11691	3353	13394	4926	0	0	13471	18440	26453
Clostridium_AP scindens PLC250.23	2167	1043	529	6271	1230	1050	1938	5928	12991	1895	1839	1541	889	820	595	2491	2545	6257	3045	3768	631	1618	1903	10880	1869	1612	1832	4174	2678	1731	1252	2893	1018	0	7985	894	18581	3124	6581	1285	9292	1681	602	1037	3747	634	7167	2004	848	1434	1086	1202	1107	2018	2469	2764	3037	9854	8032	0	6968	915	1085	1899	595	2857	0	2339	1896	1547	1129	2274	1860	2972	14655	1899
Pseudoruminococcus massiliensis PLC251.37	20523	8234	1246	2955	12315	4135	24730	4187	3269	58481	11329	6686	12379	5134	11841	0	7098	10791	21059	8427	4379	5551	5761	14991	10235	5601	915	6929	5400	6660	6035	8947	4143	0	716	15652	14952	9018	0	17002	0	10534	13437	0	9516	283093	8587	6452	2334	10975	13882	7453	2223	218040	0	0	1983	12158	1403	4065	5128	15342	11666	5947	7023	12456	3208	25563	1029	0	2708	12682	9019	10540	5338	5448
Ruminococcus_C sp000980705 PLC253.25	8187	998837	4624	65114	40462	187111	121667	0	99912	112163	633547	47621	602587	1150553	642471	97975	59513	279645	107483	12504	485892	293228	364868	26151	457659	31575	173318	17738	18626	279045	36447	159400	18380	771733	0	222824	152056	50341	190416	96212	132107	176173	0	0	103253	0	370088	66721	0	497119	74653	44314	339394	173659	0	0	9818	18839	10949	23660	378085	101288	133858	35565	591093	83976	0	232146	25758	152435	212255	100018	517461	100748	151975	79566
Akkermansia sp905200945 PLC256.16	1068	871	828	3862	0	6491	5578	1037	5809	33015	36236	3830	4058	0	12849	538533	5378	12656	8837	2283	9016	3368	4436	4879	0	3523	0	5017	3503	8665	7571	11096	2777	6788	1462	9590	1185	2029	0	47883	11019	1717	0	0	3655	0	6645	10164	479	2372	1733	4273	3889	13243	0	649	0	4272	4118	1765	10281	2141	2636	6825	1013	2276	0	13970	29079	0	12826	4576	26509	0	0	5993
Coprococcus sp000154245 PLC258.24	1680	819	695	5723	1062	3075	5509	623	0	0	677	1606	812	1096	567	0	1993	1653	1677	837	1008	3848	2825	5924	1463	1021	3884	834	647	374	1306	2497	2266	0	0	1628	0	0	0	4237	652	650	0	0	1860	0	1669	1405	0	1043	6888	3328	0	6745	671	0	2840	2691	0	0	2075	1183	2765	2067	738	4205	0	5494	0	1970	2850	1734	936	2568	628	1088
Fusicatenibacter saccharivorans PLC258.41	19993	43936	7425	918	79455	187560	74465	54947	35063	12350	50296	33350	35186	39095	55983	36060	61321	71438	80292	96557	34676	144286	102373	141892	41635	95981	144964	103655	83466	0	0	98469	15162	34655	0	176083	0	14285	30338	43404	60322	85965	0	0	30123	0	103420	34413	5407	95852	88012	15866	31524	85580	38687	0	20425	85208	1134	12442	44853	36461	125153	107755	0	7283	758	121946	3679	136483	66335	67193	35409	34274	44925	85887
Mediterraneibacter torques PLC259.12	8187	1188	11607	351221	58953	25466	13854	191211	88292	1756	557515	0	35066	1894	8869	3830	50656	542174	192400	98370	10830	30547	31783	40041	43967	33239	3828	137864	147156	123610	0	237956	19210	752	1485	106623	593943	101436	188813	199455	179471	79733	2146	166077	174018	10793	443825	241779	0	7204	28290	14886	39676	209697	1228	1813	88596	74868	700112	0	370944	7646	71239	151414	70893	15676	0	61912	0	5806	25202	632430	83718	1013529	781064	27784
Bacteroides fragilis PLC264.21	75298	269500	25986	51826	34140	60706	75088	318855	9585182	210810	200418	759959	117893	179158	183831	121773	85577	551926	67484	119481	161539	258837	297381	155889	325446	50089	61358	166259	102895	647236	1429073	80412	111687	2419558	380308	63368	151296	35416	109421	68896	63213	100858	95382	93710	84973	85425	98436	497358	114797	0	40946	99311	1079195	2144642	126520	421859	76412	77176	69139	276215	124618	49268	97884	27372	503539	142938	153215	91000	22052	54511	79543	97686	109296	65013	477726	59814
Clostridium_Q sp000435655 PLC266.14	333890	16909	6323	25626	61513	86477	55908	8495	59624	88397	41487	33657	14354	4112	82024	70101	48040	51263	33562	30164	68346	17282	23614	468525	61315	0	116884	55039	41808	46380	37899	14715	10062	89505	0	31333	0	32511	42954	30940	54964	55111	0	0	3305	0	67612	14575	0	27934	18142	27865	15934	67392	0	0	67739	0	30005	19197	24739	19592	47866	64691	77389	14956	5445	65467	6836	48146	112825	25388	64040	38602	40353	57349
Blautia sp900541955 PLC266.3	17539	1636	3425	7832009	2962	5428	3580	109230	15252	4008	2386	844	3455	1668	2813	4666	20129	1905	3754	12574	6170	122057	96980	14803	4306	0	20904	12065	9175	1131	1126	6327	502	15423	4044	1296	511787	8351	4694	5535	6080	2428	0	4842	3145	0	9329	973	4003	9841	5146	0	0	7057	692	1562	5950	14785	13435	2443	17472	6232	5833	10273	5385	7300	0	8892	28417	12412	1939	4270	6230	2110	10704	18052
Phascolarctobacterium faecium PLC267.4	0	0	4481	82699	1206	3157	14292	0	28302	40069	74613	14319	35153	0	3515	1034	1450	58917	22899	88316	6687	2401	6723	36694	3105	17088	8145	219984	100886	27225	20675	13201	0	3333	0	16282	54311	0	259806	671	11032	12638	37203	73224	248070	0	8409	45334	15487	9758	1341	0	7980	4812	0	0	51615	57932	1260	53680	32178	2321	19961	1715	2332	17821	26191	7907	1685	93712	256917	84611	30568	7722	13143	0
Blautia_A wexlerae PLC268.24	279346	25718	12975	0	51961	83151	79222	95682	0	16198	64064	7667	0	38997	37523	0	19654	0	173724	104752	151064	300847	225221	705144	19013	20461	14822	91987	65814	0	0	59629	17133	0	21491	42596	30973	178198	0	56439	110314	84917	0	0	25661	22193	83363	21454	32490	9819	8720	26609	0	116063	44121	8493	72979	61953	41462	0	147864	37784	31766	331057	13415	463883	3877	15237	28703	0	0	122344	0	515565	191744	0
Acidaminococcus intestini PLC268.25	113808	7555	446	2681	14872	6144	9938	778	22506	1888	7374	1493	9525	5830	3047	1023	6127	2111	9120	3651	2000	581	0	7446	0	3320	5956	3798	3059	29805	1288	11509	3067	651	0	1818	9651	1844	25276	7267	6163	2074	453	985	958	0	9919	16842	517	2278	6329	4479	0	11679	0	0	2874	4449	80119	0	19362	2341	4230	6637	0	1718	2385	7300	5402	9358	32259	8325	5361	6871	8193	7147
Ligilactobacillus ruminis PLC268.42	0	15456	2321	923	9853	9196	20529	0	9998	77206	0	3396	4115	5931	30112	12508	3262	20012	8151	1368	15927	109580	141622	1033	25011	71636	11576	2698	1965	9666	3307	6549	3679	32710	535	14116	0	2541	13996	6751	21310	30233	671	504	7118	0	26397	9721	0	0	13990	9131	1952	67440	0	924	0	11331	919	5059	15325	3985	15069	1286	50895	0	2272	30536	1148	7944	7273	9245	27959	6136	6052	5891
Finegoldia magna PLC268.8	12148	23357	4451218	8390	6156	4427	13437	15172	69586	4763	3922	13094	18091	25591	2461	1228	11532	7117	22781	50008	28735	8976	7537	50842	6103	148650	24248	61370	51558	32102	10174	39391	3250	1685	2978	4964	35370	119076	2210	0	7067	8835	2119	1804	5955	1285	8112	742	0	1081	6862	5952	800	71418	826	0	5492	26338	2565	3561	11490	6558	1561	75983	4445	14553	0	4039	883	0	712	13428	0	18572	9160	13535
Blautia_A wexlerae PLC274.12	732244	19029	9610	54173	21874	34183	106196	142367	12302	15807	38484	56253	0	30979	25575	2171	23489	11272	987423	186057	125762	162094	121642	297295	24424	19674	30185	176579	123058	0	36726	178160	16635	12324	7717	39313	19604	252485	2616	123851	33423	189080	0	1386	42636	14469	126433	10246	29506	123012	48047	34817	4765	32928	19557	2618	238173	86063	41225	2975	225786	17154	22781	160059	17074	292443	6150	37671	60745	0	29584	710852	1615	294493	225454	10632
Streptococcus pasteurianus PLC274.20	54418	11098	168525	12175	11729	13544	18946	27773	20456	13347	81638	1111	17923	10715	5792	26170	94464	3112	29768	37923	8346	13593	8886	257977	21183	2595	31240	37129	28810	13248	1648	6032	10980	13705	32024	5480	67196	18542	26099	5056	1363	8342	72494	22615	38194	8817	10730	6072	41048	146189	7067	11265	34335	8847	9258	17365	21600	49359	40961	3055	17680	13250	31730	26323	19542	30974	0	13539	27316	3174	0	25499	16710	18293	18426	51502
Streptococcus salivarius PLC275.3	64146	96968	37672	131528	23633	30185	26195	15939	917	0	1866	20390	17593	118803	4335	0	1827	0	13016	5127	12716	38644	26964	20163	45096	64794	19758	2379	1572	1977	15700	105744	2027	7380	13911	18211	85113	899936	480	20367	10673	2424	2029	1027	3313	5776	11585	16895	97687	436	5960	8250	1982	5176	26801	20954	28941	32044	83805	2928	23924	8300	12780	10532	25255	13002	4251	4764	25214	0	512	6848	1142	15452	4350	0
Phocaeicola plebeius_A PLC285.16	33154	39647	7337	26108	274981	119859	52155	11463	0	46104	93697	74298	45305	20198	39073	86485	70670	35104	93696	29210	36405	15954	9706	29845	102902	33659	388942	38332	28088	55675	64870	96718	17028	0	0	50137	24019	52448	256310	21416	38914	175812	0	32070	14070	1821	91704	12965	0	95760	130827	37819	35422	157236	1384	0	19455	29285	0	21507	30918	133315	16408	109175	152404	37954	14110	63444	21469	193631	66933	80752	1100292	38840	85736	106609
Lachnospirales PLC285.20	13618	6104	0	3134	4259	1664	27924	118860	12275	23334	104143	10778	10348	5491	16428	62353	17692	17127	30297	19906	9221	129929	103072	58536	13650	0	2337	22555	19459	46153	4621	6133	3507	0	0	157494	0	9137	42199	43124	24147	3214	0	1217	0	6746	3077	0	4850	215634	0	4119	32048	10620	4400	0	385557	178542	23263	0	0	29699	4702	41690	14500	228612	0	42828	3231	21479	8053	35477	19802	20051	7261	11741
Prevotella copri_B PLC286.23	6520	922356	0	2315	438076	1224	10905	6228	85869	74043	125651	196014	47945	901877	39621	41870	131249	35850	93956	0	29387	0	0	25133	9050	2152056	0	816	0	72101	197695	0	15525	39307	2583	49569	0	439974	8843	26412	11271	7232	0	0	9811	113281	20275	27868	36116	40943	8968	19857	24693	42665	0	3168	4043	0	7228	0	47214	35387	59510	0	34927	10320	0	32249	0	19447	237841	37102	91978	16729	15604	232402
Acetatifactor sp900066565 PLC290.12	0	22656	0	0	8843	20564	18843	5399	18280	15308	52764	196785	168641	19784	10138	8638	34980	37808	1918	8332	6763	3421	5866	25466	7611	0	89790	6036	8799	68726	240310	48547	5822	0	0	42598	4358	11629	0	2324	6076	12577	0	0	41872	0	33066	43121	7478	8712	16439	8481	6121	17157	0	0	607	19167	2780	3975	4579	23419	32332	8443	8097	4858	711	6939	1591	26765	72091	0	15628	18256	3487	49085
Bacteroides thetaiotaomicron PLC291.9	5403	77507	17302	60753	70935	53256	547013	26281	1072394	366945	155847	39891	197556	61545	787167	339156	79227	1551897	14890	5587	672758	138776	246855	253790	189080	3429	29144	10984	16102	158538	52073	48821	26348	82571	143122	314686	7198	8807	21477	43188	72172	11492	63149	8321	180069	1332	187916	99782	126142	59640	44596	62066	0	105142	0	55624	12164	51713	157061	3704	441471	52487	78901	4932	210110	0	0	59679	14473	51249	194626	17947	90173	88467	30149	74525
Lentihominibacter faecis PLC292.10	5369	11708	9962	0	7827	48875	15739	2774	6332	9116	5047	23857	12591	10223	112763	1791	17617	1255	139819	19624	94968	1206	1179	10172	14200	3009	11757	20909	16502	8081	18242	9582	11418	624	0	4396	1724	56632	866	4410	6603	8311	0	1234	590	0	18659	5695	1635	961	18426	19343	525	54045	5805	0	5899	35123	0	564	12767	29652	11638	27113	10403	0	0	23586	2903	36867	13723	82185	18690	14905	5602	17862
Anaerostipes hadrus_A PLC296.25	7164	2804	4159	1152	7860	1511	290983	31177	0	2566	658	3951	13454	3666	94568	0	8539	1790	10182	13414	726219	9466	7423	41438	3721	12557	8779	11014	9829	2112	3101	9285	2462	0	0	9900	0	12509	592	8530	9250	4026	0	1389	6157	1008	8930	3452	0	3160	4222	3592	0	12647	0	0	2540	7450	0	0	14483	6495	3891	11106	4659	56127	0	3456	16636	1587	1007	4022	3636	29890	1858	1238
Eggerthella lenta PLC297.6	20085	75229	21532	28978	1443	13555	6259	89336	38486	1662	63928	4545	27650	108941	2277	9947	3333	6723	5162	22650	4988	453018	362546	59893	1300	21650	59781	21435	16037	12970	3460	4569	0	6330	890	32224	22983	4351	24050	4380	23624	1201	6138	31727	17299	2536	4625	463	0	11790	1195	627	24236	0	3464	0	40650	14866	113838	4409	45055	2468	523	3123	1190	4546	698	2767	10090	1925	4139	2272	15583	38042	19514	1402
Enterocloster sp001517625 PLC298.4	243066	664	8549	437398	1726	1233	1197	58937	738014	63603	681	1153	1686	672	451	1053	59792	60792	3359	231449	0	123755	268788	465961	884	76354	7143	268731	157666	1159	1265	1902	1066	0	8736	605	531130	1562	591189	5451	11103	823	1656	10233	90034	2891	3810	5331	0	18289	773	919	459	1035	3908	2557	186310	32770	12853	654	26031	1456	1224	1357	0	134674	0	1021	615390	1187	11938	2673	1989	11562	27995	32193
Lactococcus lactis PLC301.7	3081	1257	2291	0	1446	16033	2544	12077	0	0	1611	617	3818	1536	0	0	865	1676	3204	2853	968	2486	2016	19189	719021	0	1423	2470	1699	0	0	2924	9547	1249	0	611	4858	5266	712	454	3846	830	893	1367	1321	0	0	0	6581	11412	805	6094	0	0	20062	0	3592	6280	11939	0	454	17678	2923	2532	488738	1088	2314	0	6125	3111	1625	3594	5957	1411	4304	1334
Hominisplanchenecus faecis PLC304.6	71315	10983	3239	9106	39916	116397	106901	15698	10402	12981	58441	33127	134205	11866	58511	828	76076	141515	49245	41087	107540	20804	17470	86032	62598	26417	1141207	37819	25290	57596	22035	31336	14576	0	0	216564	42031	35505	5709	27870	51112	89672	4863	2299	25698	3302	37745	59067	1173	7262	50536	22203	0	150054	27319	766	28772	23412	2729	0	26373	58205	126587	58076	73927	42778	0	116988	8226	117383	27099	43787	40458	34323	84471	82310
Eubacterium_G ventriosum PLC310.16	7460	6555	21252	31339	44660	0	17156	337808	25061	12042	0	15470	93644	8114	0	0	17591	10009	19881	11442	1137	9707	5674	17678	988	6184	44419	8258	7398	18343	14873	20110	1415	3715	742	8890	3299	29427	0	19463	0	5341	1083	990	11041	0	4530	10602	733	0	19090	1779	0	3301	4073	1107	1660	5079	465	1895	11320	7152	1326	15940	1734	4212	0	26898	0	4795	11781	20261	792	19742	5539	6582
Ligilactobacillus salivarius PLC310.24	31992	137791	3892	19665	32591	19652	45683	6234	8279	68475	184298	33285	28623	166096	10293	43321	41104	35214	22901	34542	23540	31048	29840	42137	23960	116606	20005	29991	23350	39734	26247	33389	43588	18519	37940	34908	47679	15741	35674	28067	33688	41905	13821	0	38100	11014	33142	17644	29283	50885	27093	55207	41390	71015	26868	49722	3668	27098	16038	9283	26449	32980	58453	24146	34973	77363	12135	63418	8204	64141	31789	21388	50796	24517	30552	43644
Lactobacillus paragasseri PLC310.7	0	10349	0	4684	7033	4336	5108	5052	2482	5538	600	1928	5171	10756	499	760	1400	2824	3342	2589	795	3235	2470	14486	6607	69122	5211	2618	2201	1936	2189	3964	11342	1150	1266	2766	2213	14971	1138	1517	1316	2158	2057	1109	1942	0	1478	689	2337	2037	0	27074	1054	5451	602	0	2780	1986	2097	0	3166	0	2742	3392	5985	5971	1243	1970	1774	0	2026	2207	1619	1210	2131	804
Bacteroides fragilis_A PLC311.34	5535	11448	0	91925	3700	1912	8774	0	279407	18899	7615	31483	3781	7128	359421	402219	12750	19848	3773	0	259735	2069953	2581239	5545	8409	0	32163	3382	1215	20025	52704	709117	2680	21160	12551	8007	7741	0	8928	10909	95043	0	0	0	16200	0	0	0	0	62622	2172	3848	17418	124420	0	10532	0	1562	4351	0	21019	2684	24685	596	14865	5011	0	7471	0	0	32365	2261	29995	5568	20352	12613
Lachnospira sp000436475 PLC313.4	0	1255	0	0	1569	567	1893	607	3626	0	1048	8514	3096	1621	0	2366	1253	682	55481	499	938	751	906	10753	1386	0	2068	623	1489	1933	7142	2490	1185	0	1094	1526	4962	2082	416	2121	888	571	0	0	2797	612	1180	62970	0	791	3414	1357	0	10308	1084	0	649	817	0	0	0	3401	45319	6280	1430	1359	0	9276	0	2556	1096	36035	866	2559	3335	601
Dialister succinatiphilus PLC314.18	1694	21028	3186	0	9523	11566	24688	4857	16731	24132	13274	7258	25154	16785	19655	38727	16300	16537	6621	13457	26441	9041	7253	20113	39883	785	27379	13231	10043	27078	5479	14332	730633	7362	935	32141	0	16298	14679	8308	17551	6116	1191	2121	12161	2359	23343	14439	12826	47927	16280	956398	21825	24290	1996	3269	2582	6808	2895	2264	11705	27521	28942	22980	41223	5762	2445	29364	2732	30992	20157	7209	37783	23032	14496	21445
Prevotella copri_A PLC314.24	7866	32946	6793	0	636410	51322	50374	0	0	120423	20637	672961	28327	13538	101918	35633	943437	44079	6792	26602	86504	32513	44328	0	56856	0	118513	33628	25819	75773	749070	12637	805857	166414	4175	48971	13304	43432	64133	47301	60422	32115	0	2346	24150	6283	44829	18141	41833	178946	34400	847531	40033	32377	15261	8395	7915	10052	22658	15215	84795	556572	99798	37489	65849	28432	14749	50917	1985	34389	313225	11999	75863	22958	24840	1925351
Fimenecus sp000432435 PLC315.12	22152	5115	1915	8180	9796	40446	19146	14180	119060	62798	0	39996	34458	10559	6695	0	68282	68179	61446	23793	4762	12276	24785	60664	4862	0	119055	26251	16633	0	11043	29308	11918	75624	11603	1993008	20099	26360	22747	21865	86180	18066	0	3279	13065	714	69637	11575	26010	0	40325	10186	0	55239	4022	1293	10098	1842	5485	4888	16338	49341	3821	25613	4762	28254	0	46764	1959	27457	18037	65115	2124	31702	18592	71850
Prevotella sp015074785 PLC315.29	48652	0	3626	11247	1321531	53253	80367	168636	83103	90503	742127	590777	56724	0	474493	47350	250000	244579	74909	97913	360741	241355	296652	47013	290419	0	40513	122868	103759	217025	683596	107099	42342	567257	86636	214122	86129	10391	304108	109025	103440	146564	322032	237060	59812	77977	55571	197867	147596	392950	64823	26060	438531	141069	82529	102903	84514	59136	53649	254442	394335	87354	58178	51551	422145	149569	237993	110839	23099	78476	160605	158946	499706	80304	91076	446548
Veillonella parvula_A PLC317.3	132819	4068	0	22311	4886	9015	10632	1680	80120	5338	26386	11832	12035	5348	77417	6718	6539	10534	4135	8739	59312	15750	14002	34698	20028	0	14926	9167	6311	9000	8738	3947	24416	1060031	6287	0	58553	3209	53479	18102	4880	7705	2667	3497	2272	613	4980	3563	54292	185149	1912	17033	3783	22910	703	6336	2716	4777	89051	3933	72488	2839	65416	3177	15503	78823	0	2371	1350	18538	2057	2721	2632	6083	7012	3863
Enterocloster clostridioformis PLC317.6	14304	3605	3128	49765	3343	15053	8306	223373	150864	30299	51120	12568	63622	3837	2167	96189	67956	114098	34331	58652	4534	66284	136254	71236	11241	2811	28471	58901	39757	145085	11714	12504	1427	634133	2132075	5456	1764417	6381	215406	7505	32540	27429	110072	18277	139107	654	28140	2370	2960	17363	11978	2244	49163	23165	1311	640866	167861	26395	184738	33922	17894	12210	5851	7039	6703	22023	0	11052	106472	10169	79316	30844	12101	4775	45375	57937
Agathobaculum butyriciproducens PLC320.16	0	34536	4180	0	20749	2580	14008	0	88441	41472	567864	0	16461	0	620743	65616	16480	174931	23985	0	386115	244387	376349	5053	226093	3457	0	6069	748	152437	1181	72693	4852	706846	0	147069	260665	6893	151910	2874	88765	99149	0	0	0	0	5223	99695	0	530166	13773	3686	411147	66170	5245	17134	34785	5898	0	3184	378766	48401	24405	6688	376544	2457	0	124531	0	31363	96406	0	326057	101436	46129	31608
Prevotella copri_A PLC321.29	6816	51878	0	98433	581203	19898	38024	7786	117314	106017	119851	834831	44742	22420	65658	64324	678105	99713	107317	16559	62844	38467	36463	41313	57673	108164	50230	17362	13075	72680	901466	27756	27988	73887	468	43764	184618	78199	53941	17639	50370	35182	0	0	44985	0	59842	16692	31346	0	20357	57375	0	167905	0	1727	5754	24074	15535	17653	84886	1390590	64844	4461	109498	65035	0	47957	11467	43642	499914	84070	235960	40019	39753	1355157
Alistipes_A indistinctus PLC321.7	966	16670	0	727	22292	149366	15027	53084	28857	71948	38874	142163	10440	8527	45911	13002	20664	16188	31306	1939	31776	0	0	8324	2863	0	4401	4834	4497	18362	160311	13733	3928	21665	1154	20917	2052	71009	20877	49045	16300	7521	0	611	2116	0	24377	18289	15146	47600	7873	6196	22866	45898	0	1938	1217	8115	5679	568	20913	1406	31650	1878	516	9257	1312	20239	2427	5849	23012	58292	33737	9820	13107	22870
UMGS1071 sp934476545 PLC322.25	1865	1025	4949	0	1201	20190	24746	927	589	1882	1340	20000	15877	709	2380	0	3249	3144	17801	3046	8202	1889	1081	119708	2712	1260	21442	3325	1659	14619	15269	65528	4097	0	1231	9701	2316	128324	5719	6872	957	5539	0	1298	2578	0	2122	1865	0	932	4995	5428	0	5188	0	0	1705	3609	2303	0	1658	2625	16065	5148	2147	2288	0	7689	0	3370	11162	12939	1944	3366	12783	3809
Escherichia coli PLC327.16	215161	232576	60271	8754	115581	580894	624952	0	337161	14333	1336083	4234	30850	202859	16128	19884	111319	13831	1186268	2409770	4852	34853	48024	390426	4872	732561	104597	3359350	3018266	36288	3461	380048	203881	136472	565924	1335	0	53362	585858	0	37543	652325	660477	999947	455694	137015	46670	3751148	247765	75431	50907	39640	829997	0	192825	826468	3136118	1113200	39631	4932370	1876096	20210	21815	10547	2022	450813	504145	25852	6909	42226	150108	5476934	152358	1149	647400	10442
Blautia_A wexlerae PLC328.3	351528	27542	43539	0	73748	110983	98808	180746	11059	15897	106494	49889	28675	45491	32493	0	198212	0	390510	386160	159541	246507	184557	639088	202250	86176	231160	290754	223306	10687	36929	144100	12894	3467	0	266099	0	185945	6124	71785	105494	100392	0	7168	22104	20223	114944	22536	42809	37199	36976	25350	1529	68398	66649	0	103676	60893	65796	3032	238126	35463	74401	259692	112859	306243	5528	23214	134817	0	13459	244909	0	475076	174916	101915
Faecalibacterium duncaniae PLC331.28	9033	1032218	1328	10713	284086	211414	172239	0	30796	47604	15325	230622	34976	1057988	3437	0	161035	32359	24566	16949	12418	35636	37570	4246	710527	1566	934628	15788	12451	19237	106735	21838	54566	0	0	419057	16379	99758	0	56550	1818466	253104	0	0	396	0	141988	0	0	0	275266	83319	0	273556	0	0	1328	20685	2252	0	1874	148374	125489	174958	454633	13234	0	218518	7026	1053504	370303	27470	155987	496078	1065230	267671
Blautia sp000432195 PLC332.10	35317	3596	1297	74717	0	6346	2669	1335	7324	1504	2033	1905	1119	3206	629	690	3570	1249	10839	10722	2912	17190	14481	10304	1874	2162	2514	11588	7502	836	1567	3174	1794	1155	0	1831	27108	6239	3346	3326	816	1346	4349	2628	1935	0	3129	446	6252	1186	2356	2242	0	2184	604	0	4208	2312	7856	1340	3577	2155	1681	3499	598	12823	0	3068	5176	2422	1661	9502	1742	12653	3809	2374
Rothia mucilaginosa_B PLC332.9	14239	4981	1459	9689	4109	15211	3667	1107	1578	4503	7405	2088	3239	5125	1234	0	2968	1204	1792	1261	2588	2985	1667	2895	5223	2405	12389	894	1460	2725	1073	3064	6536	535	3740	2390	8963	4322	0	3512	1479	2500	0	543	0	1191	2206	1000	50098	1513	4285	13815	0	0	3894	4788	2367	6247	7902	874	940	1754	3465	2193	3245	3979	13180	5407	3998	3912	4402	1664	3588	4074	14566	4012
Negativibacillus massiliensis PLC333.9	571	5103	0	0	36061	28663	22056	0	9115	5058	3114	8731	12295	4573	5429	1004	11259	4044	137437	12449	7934	3430	2668	3657	18600	0	40177	19649	12129	3632	7598	12475	5126	0	463	13252	5138	9206	0	17224	46186	23210	0	665	4547	0	9690	1569	0	946	44970	8139	0	144330	494	0	2823	11176	1922	511	1818	35851	20215	18170	10106	0	0	23050	1163	37808	14960	327518	3883	8203	12075	15767
Klebsiella variicola PLC334.15	209290	6311	450	9601	24694	2661830	5701	0	3703	7713	45996	0	10496	4900	0	408	2532415	0	20308	200363	0	164175	141189	3927	0	592	3843	92177	92097	2273	0	2634	660385	17107	585174	0	0	24812	31716	1207	0	18260102	157627	60749	298469	1029259	0	51148	10062803	32262	9925	480092	480984	6105	924431	741807	22705	15667	8064	21096	4965	456666	10260	0	0	1942	113985	0	6092	0	689	50032	0	1616	48510	1343781
Ruminococcus_B gnavus PLC335.1	55311	1097	6017	269502	5164	17036	0	30789	80181	0	22858	0	25824	1163	0	32346	15379	12126	9120	51839	663	83830	64433	47188	35838	12604	0	56624	42968	2026	1530	3861	8407	43194	87230	565	462963	8897	89659	8767	0	3120	290140	93329	0	0	4861	10381	443031	123795	3555	4144	12539	9110	3113	30021	42536	14272	319151	2268	16913	0	0	2924	12534	211920	0	0	225034	0	27163	20298	27346	107286	16453	13955
Blautia_A wexlerae PLC335.13	384189	35937	46294	216831	80022	161259	153860	619475	137053	36681	98701	104970	138027	48509	30342	32292	192191	53789	306100	386132	116150	324975	253645	555538	100100	62000	128761	353099	255534	36026	78909	187741	47554	33361	11316	114268	188420	225859	41051	168745	109215	144346	1882210	60297	68674	17462	184252	30704	101935	74682	137396	65854	7852	127339	40310	9299	110403	233526	34822	25748	471390	85247	157599	247376	64832	376501	18618	108173	86302	110276	64594	218435	83551	321311	217601	128637
Gemmiger sp900540595 PLC337.24	0	42881	3394	0	35414	19924	24879	97522	4225	7170	19772	11964	0	29291	4409	2123	20253	3689	46932	46034	3355	11362	14512	8604	65386	23595	18960	58689	49264	0	10708	33426	27884	1658	31393	13705	2428	344217	13278	134644	13872	50382	101407	28394	777467	94219	26026	18128	46136	1737	44266	38096	11244	15514	15444	31772	25135	28397	0	26814	9039	34860	17621	114599	48310	25283	183438	126397	2370	66512	201115	88964	62694	21569	108876	29265
Ruminococcus_E sp003438075 PLC339.33	45656	12602	0	35728	60496	29641	46633	9797	79826	60481	23416	51667	90539	13012	19459	29845	44100	33467	88256	58434	51886	32161	29315	147299	2347	30427	65283	51160	41319	7777	40764	38398	19815	105633	3053	35484	104640	57251	3933	48191	0	60972	12995	0	122658	0	2215350	115597	0	0	33621	30380	36264	133116	9569	2087	20248	52081	7004	6121	105167	31308	88904	68221	7896	72770	1840	75483	2065	71468	384288	78347	46135	59508	86103	32788
Ruminococcus_B gnavus PLC341.6	14990	0	4343	0	2997	4193	7548	4014	28825	0	141920	11636	9365	0	813	15634	11073	14191	7443	14745	2062	22103	16739	1805	39447	1218	4675	12742	10389	19432	8174	4946	0	0	29930	0	138722	5896	61376	13616	3648	7222	443968	80124	18188	0	7749	0	1457645	73291	5401	0	10581	0	1377	17356	19002	5913	65282	3646	9941	5888	21987	6372	21038	64158	202062	17389	166649	15137	10894	13947	7977	25039	12212	9245
Parabacteroides distasonis PLC342.15	26181	176842	2453	45355	22308	68922	112084	8973	1793783	429923	152611	39669	40885	70698	388900	392079	126845	131827	29789	31780	247280	2862	8911	27384	168883	10837	67383	45644	29554	26088	31488	39871	33007	233857	0	103645	77983	11064	135929	39358	42086	25168	0	7193	18544	0	58598	31415	4201	1366571	31916	41326	987	265528	1387	0	6387	25624	15230	111939	35637	58391	35352	8999	236732	30136	0	73957	1917	65481	73654	54060	123004	74754	48939	146987
Escherichia coli PLC343.24	47593	17578	14952	3482	51576	150142	205957	0	58418	0	116103	3150	11652	15482	0	0	13601	6286	152894	521254	909	23512	20814	353410	1935	38558	31142	716813	648332	8842	2950	161127	557869	57808	706401	0	22543	43608	583490	0	22907	212383	547059	1124305	129746	356105	9749	1110905	299879	8495	836331	121125	749645	57666	496071	977021	927226	388881	6052	4181308	608558	67208	54900	3190	919	95604	0	75569	11904	0	23006	524756	0	0	242150	1531
Mediterraneibacter faecis PLC345.1	315199	60901	1438	54902	157403	178351	112298	22869	20916	116138	66851	275622	172978	84236	57169	0	142100	99910	182833	355414	140159	177400	134437	1044101	127045	422417	289856	335951	277828	24108	199977	160269	30973	0	40635	61134	238723	232519	9085	172610	139305	130341	2410	21264	61875	11354	235762	35292	29300	48711	31460	56085	472034	105256	32339	15219	228451	110314	73796	4968	467831	110803	128485	103310	77552	650186	0	142240	20234	221738	128789	158590	50204	39713	128959	136684
Acutalibacter timonensis PLC346.26	3076	3541	0	2582	3893	13503	13183	4130	3369	7691	5913	13079	0	2687	8725	0	7383	1725	8289	4259	7892	4722	3618	8074	2049	0	13415	3650	2146	2635	9922	11619	3403	0	0	7596	1307	4781	0	1761	3246	4980	0	718	1277	0	205798	697	0	0	22221	4506	0	538891	1067	1682	3197	0	979	0	1367	5320	8285	20376	902	0	0	6749	2167	9219	870	9422	2424	5862	13579	8441
Clostridium_Q fessum PLC349.4	6078	2057	488	983	145600	15540	2892	4210	12739	18318	0	10801	7850	1134	0	0	45344	2594	23744	17997	0	5849	11306	44425	21450	67706	25572	17057	13096	0	6131	972	4091	0	27076	6127	35458	15337	9602	28662	441	6002	0	6247	65593	0	13166	9238	0	32641	24379	2539	0	589	7158	8096	554350	22334	3211	601	2141	14373	20455	9821	15516	58802	0	29925	1032	34448	20953	30260	5695	19657	25408	32295
Faecalibacterium prausnitzii_E PLC350.23	66698	125373	0	10998	158987	130936	168974	91267	17576	38124	77079	66217	110562	109232	14632	3125	96376	88676	653059	132804	27026	16640	15161	90179	877301	269713	386596	164503	142047	60032	31355	327173	136352	0	8594	165232	62321	200296	22633	1982012	53005	131679	18452	40329	28667	6044	74934	363617	19024	17392	136215	239116	6860	169356	17730	14985	57254	5361059	3218	79951	54847	93309	445276	149995	583030	34440	4625	214288	6672	479090	1764003	605236	839763	114155	255443	148222
Bacteroides uniformis PLC350.4	27885	95009	667	16213	34358	101578	104254	17507	231562	333073	148129	59291	22836	82064	343775	77721	66928	300964	66288	28302	280679	0	11479	87883	104520	0	92850	43806	33458	0	58559	67341	33911	337124	0	187818	68920	79984	167687	136423	277958	50043	0	0	80443	0	148041	109934	72034	614845	126679	61125	0	989975	0	0	32721	2600306	21959	51958	212073	31512	317642	80772	87726	73180	11622	167929	0	171775	87051	62500	304894	161696	73208	67575
Dorea_A longicatena_B PLC351.6	39426	24363	5854	3242	67265	28393	23205	91491	36790	12336	23451	20346	50162	19623	10690	1147	21460	11225	25342	62958	49426	41961	33227	159376	18295	60193	130553	56359	42672	12212	14269	49363	7323	17424	4564	70481	26445	96540	21637	25103	15599	22727	0	26920	24212	4662	12882	14625	6810	0	23057	14411	10646	59021	17984	2607	19301	46729	333747	3812	4679	29296	54045	37750	16429	78177	0	53813	958	32494	11250	17513	39009	150370	84280	16442
Dorea formicigenerans PLC353.8	16567	50383	8365	10953	70234	79709	22387	7924	249587	29346	8123	75708	49666	51059	22273	1018	105632	2800	91144	111574	60444	6091	5495	200311	36449	40033	62268	100556	70304	20712	54641	87519	37820	2120	723	60612	8965	174924	4476	66555	4664	35414	4656	5749	57642	9713	12805	33518	4140	3927	32435	68164	1200	36061	26329	0	51940	98161	1151	1260	220708	55416	87069	83446	29854	37876	0	121745	29055	79057	66665	39799	81498	259786	133765	109128
Lachnospira sp000437735 PLC355.2	5344	2432	880	0	12426	2616	17982	6390	0	1396	7600	15382	11186	3314	6201	1024	6801	18898	28352	9596	14067	8071	5548	20373	4149	0	16272	8541	8173	2946	13903	12090	2678	470	2675	7974	0	7884	17810	8716	4745	6239	4108	1861	14780	1416	17999	2093	648	3474	13054	3643	865	5482	2689	630	4007	8947	1248	4823	8234	6218	360556	25791	3027	5167	0	5376	2092	6154	5688	18469	3223	15864	4528	9691
Parabacteroides merdae PLC355.27	2181	138309	1272	0	85629	40069	85744	0	10062	102770	0	59612	0	114870	102497	238669	41792	348832	21160	0	73037	21149	38444	0	45145	60533	17977	0	0	0	79747	95496	22390	6507	0	15470	6903	13221	192027	18128	133929	9053	0	36105	10623	0	117256	11699	0	6412	56416	19584	0	20118	0	0	11491	2992	8689	27722	177753	17969	562816	13182	46578	0	0	189446	95631	90394	274351	34601	61986	133763	95247	60268
Haemophilus_D parainfluenzae_J PLC356.3	1565	4062	1223	2464	13303	0	7982	2322	9409	17289	40911	11707	17892	3618	6387	33759	15848	9555	7993	7157	9714	8021	7860	16919	10496	40080	8102	5034	3613	48484	11641	6267	7430	6901	10125	16695	9143	4434	17449	10068	4924	0	4018	537	9701	0	4020	23352	13436	50073	5910	6468	24455	9427	10762	12419	3455	4695	5989	6312	12258	7458	54809	2452	11411	34244	3733	8133	1795	34332	0	6548	9069	5722	3584	7293
Eubacterium_G sp000434315 PLC357.15	0	487	9436	0	3931	18174	14363	5037	1822	4234	2135	29639	2475	0	2445	0	1576	2203	1269	55387	6587	2836	2011	0	4334	2102	18758	21363	32352	2985	35298	144137	12967	0	0	11061	450	6810	2563	12453	32508	7933	549	500	5676	0	57740	3645	551	511	100916	16442	0	0	649	0	2074	8769	0	0	0	13845	20241	236560	3459	5010	0	5596	984	19627	1323	1155	13257	5435	1950	546
Coprococcus eutactus S36.16	15989	4923	1754	1609	15154	40147	402721	5123	6477	9566	19762	3829	64826	3988	12810	14910	7828	23849	75597	6555	9669	10816	11735	5251	98781	31583	16563	7589	5385	28020	2603	104497	7198	13304	0	11227	4141	22308	9243	5654	10388	12511	3351	803	5102	0	0	5048	3091	6574	7517	11173	4173	12476	6198	0	1540	7332	3484	5303	13710	22156	13599	139360	102812	14052	0	1263429	4883	6109	11529	53473	14445	24233	15789	4360
Amedibacillus dolichus S37.15	15740	3772	78433	21460	8601	5552	9420	32521	18123	4915	0	3123	14252	5222	0	0	9108	10034	15760	23098	2390	38052	27953	88622	12744	1047	4111	21440	16044	837	2162	16785	2293	1747	7160	3373	117517	8638	53383	7642	4749	5309	0	44881	6400	0	9316	29744	6727	0	7336	5779	0	4902	0	658	16213	5281	137410	7164	20949	6145	6410	17774	10314	13228	9128	6877	3055	5874	2403	14885	3072	14232	14099	7451
Enterocloster sp000431375 S38.25	177946	66458	45871	153322	49632	23353	18317	20260	14771	4427	57946	8721	59661	56561	4666	822	119281	87164	9014	4632	12790	3678	5903	229040	50332	37382	81908	4089	3579	41426	7505	965	3197	0	2403	37907	5759120	4182	528216	89929	4382	1271	438	3277	93317	0	2415	37461	0	414890	36286	2684	0	1798	99620	797	6442	152134	59222	0	44632	109859	40226	9877	42475	2684899	0	15912	4894	9931	32705	4770	634255	67214	8715	60486
Megasphaera sp000417505 S39.6	194751	999725	717	34960	37819	2370	5677	46128	12670	0	1120	1248	0	774788	0	1541	3570	0	3003	5542	0	8476	23038	5031	4038	16088	1704	3378	2165	0	1263	1207	4648	3489	701	0	490	1256	5336	2271	955	4570	4040	661	1286	14287	1285	0	1603	0	1631	6471	0	640	756	6502	3153	29750	292383	2189	5796	3865	1048	4408	2049	2763	15183	14305	2046	799	733	3129	1072	99489	2373	946
Dorea_A longicatena S42.12	60456	3395	55226	941	121528	13297	55047	13086	2554	1446	5404	3384	5431	4076	26786	0	250263	938	864	12934	95816	482750	367944	26777	254590	10099	5207	11908	9018	1234	1828	240470	62765	0	0	308356	2788	368225	3619	8142	1392	6952	429	4738	2889	752	8528	2879	0	17822	4231	143696	2291	11268	3148	0	182127	9195	3579	0	2277	120758	12318	13440	169047	659766	0	15858	614	7296	2583	4649	90123	20351	16505	185752
Rothia mucilaginosa_B S42.25	13019	665	6595	10161	490	11045	1659	598	0	1127	8692	732	1543	793	739	0	1040	0	762	566	1405	2074	1478	4539	2178	1397	2594	582	1910	1548	744	3762	9125	760	2111	0	15171	2581	0	0	547	1087	837	632	0	13327	1821	1273	56402	3112	2380	13469	906	1886	4412	3934	6313	6500	6296	4334	0	1829	1502	889	0	1099	15075	1123	4226	2147	0	1144	1876	765	12112	790
Ruthenibacterium lactatiformans S42.5	74640	71975	26865	186574	9890	296170	31170	94915	36675	94690	36522	70831	186288	102096	138958	4440	6077	164604	203403	201509	173580	29367	22011	95910	90264	12160	15141	191051	130015	207585	115016	166004	6034	0	715	29170	63766	74416	26482	39281	54652	10880	0	4641	50468	1811	32483	1746	0	11324	19080	9488	11256	131325	528	0	268624	67792	58133	1150	407883	24663	7765	19223	64385	0	0	8925	292047	10871	106708	170190	11787	140572	113074	4964
Roseburia intestinalis S43.19	5202	2314	2252	6293	9203	16061	31358	785	6681	32295	12194	4520	126468	2685	2426	31546	43388	4808	25343	37818	8230	9180	7257	228093	8745	506	85891	23535	53313	30001	4484	17723	5834	0	0	134215	11784	5242	3952	50556	16511	6108	0	0	14367	2972	8095	20410	4261	14462	25484	4876	0	59298	1807	0	43716	8615	0	1567	9330	4163	9151	17708	7690	8543	0	109276	12729	83068	8067	20009	113049	8471	56790	31109
Anaerobutyricum soehngenii S43.2	82602	21364	11787	204203	33932	46325	28052	11931	10089	28986	7325	311267	43498	27320	39154	0	93117	37181	149620	110193	242446	137213	108015	276526	25422	33252	113056	87910	80379	818	171207	53535	23645	8336	0	70756	0	70476	0	68699	232663	18615	0	0	40299	3630	35386	21960	0	0	63986	34019	801	31280	7897	0	13178	15403	7052	2917	61512	36262	20371	58805	18708	14231	1332	64308	7059	40765	31526	69931	28531	89917	12112	53741
Choladocola sp003480725 S43.9	5873	14155	814	4291	22852	12695	7606	3548	1805	15713	0	18240	9429	10910	1042	491	32396	2698	9840	4295	2493	4233	4185	22275	7896	2760	13464	3480	2592	6643	12114	9261	3054	0	820	7765	18405	7295	1765	4739	12798	4328	0	812	4361	876	5034	2203	0	4097	12070	4013	0	4647	2344	0	3762	5916	1751	0	1749	8938	26752	15917	7360	6648	0	13492	0	16024	6733	9508	45352	2647	6918	33870
Ruminococcus_C callidus S44.7	4699	19953	0	0	59451	16964	23806	0	11095	3386	10735	13425	25092	20960	0	0	24046	15452	19358	6582	2853	1517	2347	3782	43961	0	40360	5258	4293	5596	6915	15123	8600	0	8537	126483	29412	6487	67510	35664	11259	15529	117296	74840	15225	1153	14293	481	0	1074	43041	11030	1601	43259	708	7219	7437	66378	2555	0	2236	57350	21358	20163	25221	28273	65591	51509	1941	77912	31194	41625	19240	25417	181309	32760
Gastranaerophilaceae S45.28	119646	2097	0	1311	3093	1367	4551	1716	8224	1516	7926	1669	1922	2221	706	829	3679	1336	1131	4520	2430	5998	4656	3408	798	7015	2424	4304	3759	1408	1021	2699	692	692	0	1168	4369	1225	4169	1527	2991	720	0	676	1817	0	1237	663	632	850	1025	870	0	3155	519	0	753	3859	76946	0	4669	609	668	4352	882	7084	0	965	499	3420	2596	0	2727	1335	2220	2656
Alistipes onderdonkii S46.14	16548	4824	542	0	19174	64762	6269	1227	29822	136160	57906	24574	5670	2692	48626	1000	21332	44489	15098	10334	33233	2121	481	10215	28151	0	20603	7147	5936	26146	31584	21486	18105	80792	16760	34846	4289	0	3947	21090	14838	51269	752	1004	7913	2419	67976	34501	0	0	7333	43550	6283	286387	17862	27548	0	12272	7377	0	28458	2916	133547	0	44316	0	4502	17128	6748	6252	20815	15635	0	12574	16255	30352
Faecalibacterium prausnitzii_D S46.19	15209	78861	0	0	538105	234302	266506	0	11623	23868	380869	137228	350884	54583	11673	0	280360	49422	139080	18551	14676	35404	38697	17765	124329	0	710758	21028	14909	147284	77175	62505	77332	0	2525	759541	5022	50849	0	103719	211719	179561	0	1273	7218	0	318638	5373	0	583	222794	113242	0	120065	9432	0	2974	170793	0	0	0	138136	146240	83636	88534	43075	0	479693	0	460932	246201	158292	152834	147892	316788	530322
Acutalibacteraceae S49.19	8387	19296	2066	65236	13254	18191	29518	2210	39312	20270	38966	33766	50861	16108	14497	3633	39757	29468	16862	33719	1392	666	1289	8495	43338	17929	97813	35093	22932	24637	21255	18474	6617	0	0	56355	19079	11853	0	51432	24840	27327	3003	0	16877	0	18237	7122	0	0	79020	13136	0	80945	0	0	6028	0	7058	0	18059	31952	64086	42184	21256	1599	0	69885	1542	121779	96700	36809	36243	20957	64183	63822
Escherichia coli S49.22	160177	5013	5698	698806	5005	36597	43708	209635	23544	0	42918	27247	28917	6210	6515	0	28385	89923	159865	74085	9860	61428	58154	27479	34350	24649	18264	98059	91042	10184	25863	41067	193768	23989	129476	5438	138171	39198	963206	48523	8460	65772	210399	2196813	82255	940496	1968	2398059	301847	0	18264	44461	180110	35586	388026	156799	206166	49187	93261	324376	64403	64905	6603	1456	37036	255890	486269	8708	197844	3733	16415	435152	26419	1396	22082	19490
Acutalibacteraceae S50.10	1333	766	2059	914	2254	0	2018	2083	1319	594	1717	2685	1908	781	0	0	1561	1405	4584	1219	0	804	622	2156	907	3178	991	932	1190	1318	2755	5492	1212	0	1129	0	2344	3640	444	1014	593	1742	0	0	486	0	802	565	0	0	637	2254	0	2452	773	0	3100	0	1136	0	2078	920	3078	4589	0	976	0	3170	829	4297	681	3797	1526	0	1954	2095
Vescimonas sp000435555 S50.17	0	2790	0	644	5376	9996	7665	4440	0	4209	0	12478	1421	2286	3921	0	5335	1961	4614	1363	4171	0	591	0	3322	0	11754	1571	626	2260	14649	5371	5281	0	1710	1052	0	18398	4038	3563	0	13284	2805	6803	0	0	2878	708	1345	1548	56010	12792	1167	0	930	2539	0	1791	462	2340	3171	2484	4177	6620	2193	0	5717	11874	777	16379	16699	6308	7165	2436	11258	10079
Streptococcus S50.41	23950	25096	9805	37814	21665	17504	18993	5858	0	555	7631	8228	12647	32806	3451	1543	14943	2530	14905	12633	13203	14635	10271	27078	12441	52313	13183	12548	12052	2907	4825	38001	10020	438	5693	8854	68714	274688	2981	15808	13259	6610	2076	2627	5680	4050	8819	6815	51479	3661	13797	14675	3033	25617	4543	7590	15791	14287	16924	2645	13775	6669	8559	10119	5643	14964	2873	10231	11121	7737	3227	10666	2274	9791	6245	6060
Haemophilus_D parainfluenzae S53.30	7848	2419	609	8991	12250	902	1531	0	3145	1144	22905	4975	3484	1636	10259	12265	4655	3506	845	0	9383	0	0	1176	4793	0	1982	0	0	10929	3941	0	1566	6412	538	4119	503	0	5542	2857	0	5899	597	0	863	858	763	4148	14507	22430	3390	4538	13698	0	8384	0	0	1262	877	1791	4706	1541	40194	2854	5252	16787	0	1017	781	89257	1551	1513	4935	1403	765	3215
Klebsiella pneumoniae S56.12	4937699	15410	17284	187183	89514	199523	36781	0	11321	276945	372940	9328	48594	12139	2711	813	2790286	2751	74557	6396915	3672	4508860	3852585	23851	18072	14537	25810	2830416	2735623	13223	8973	15855	5361331	35119	13657453	14246	3737	21514	83897	13378	8542	0	958469	188529	8718738	1051541	14142	90256	420068	39773	25718	4258923	14335139	104428	9680329	17844665	366078	108561	144670	298147	31140	2284258	57736	13833	12541	10852	1784419	8592	92746	27546	10610	89025	5678	49753	1137947	1991628
Faecalibacterium longum S56.8	88393	29102	4327	8185	34828	73607	64667	0	0	61103	37760	13012	91483	14445	44116	35811	44770	157461	6397	23853	43183	4725	15601	39399	68912	0	68946	32331	23279	96429	9265	33765	1966	51039	0	23427	0	9040	6612	11345	10369	33405	0	0	6258	0	36162	10659	0	20121	3729	14493	4728	44297	0	0	0	19673	0	0	12874	11719	138431	47430	77842	0	0	86563	862	2517	61055	1054	61855	0	553685	87470
Collinsella S57.27	5132	30590	889	0	11696	9705	11880	0	0	17269	11429	6669	6257	26510	18206	18103	1829	11177	15850	1187	6588	8056	12512	0	22336	0	18350	1786	471	13471	6294	0	4102	30083	0	12579	0	0	10967	12382	5242	8885	0	0	5161	0	8154	6147	0	5843	7540	9183	6844	12206	0	0	0	86724	53741	4893	16259	2055	21112	7616	28054	8185	756	19916	0	12732	26063	11665	23471	3992	1026637	3547
Klebsiella quasipneumoniae S58.11	73631	14126	5670	45205	8674	34318	16437	149146	684	7097	46050	859	10132	11554	1048	0	60410	1041	8411	53251	791	74006	61048	16423	0	0	0	23858	23989	3411	1589	4858	414943	13914	229768	0	8123	17172	8488	0	1097	0	218346	15585	110061	1079210	3599	55175	113356	32167	14570	262103	153981	5818	1277133	286133	10787	26163	3536	89764	6784	522440	11701	773	0	2320	234905	1954	7569	0	0	12797	0	2156	121839	34685
Gemmiger qucibialis S58.12	5334	32723	0	23930	28569	54590	154680	1172	38979	22544	1387	26461	24443	26580	23090	2326	43730	83989	133048	51045	19278	1282	1063	4017	102637	145958	106203	62175	39682	7566	28664	276201	42451	10212	0	36476	118403	134763	23379	118348	11389	134454	15288	8598	86628	0	14811	24015	78230	23854	666773	69031	6606	255487	4653	2260	30969	7649	3165	3074	73687	166994	102154	570494	114769	40156	29828	222527	5142	522823	19809	144213	124561	63310	286984	49825
Faecalibacterium longum S58.3	4909	55371	5390	23769	27798	28131	54570	8164	0	36377	115262	5673	221125	37346	33353	29126	37067	135722	5336	1598	29062	8524	17260	7252	151426	0	295535	5982	567	177000	8532	4553	0	47005	0	50294	6958	18774	22496	15492	11505	39616	0	2708	5965	0	96231	18824	0	13235	19282	9488	0	87654	0	0	0	0	0	0	20239	37153	109943	17275	146163	14393	1504	79145	1224	44731	57373	5513	138061	32062	18164	71500
Agathobacter rectalis S59.19	175017	0	17217	0	65092	19162	73334	241322	5356	0	15421	67368	34195	10451	25526	0	264043	6945	61863	84480	13653	67320	57480	35534	46003	45135	170090	105535	79002	490	48194	58269	20595	0	0	53572	116347	67693	0	83162	73498	80990	1399	8126	47290	801	19568	13392	4124	10391	27109	30002	0	66889	10818	0	0	277565	0	12589	43201	86860	50090	93946	10788	6682	1199	342036	7773	474767	97224	66641	0	63679	5074	190660
Faecousia sp900540635 S60.10	2307	884	0	495	8133	10458	25944	0	839	1870	1688	4021	1409	992	1398	396	3858	1610	3403	4370	990	2488	1335	4274	1733	727	3279	3876	3310	0	4573	4257	22594	0	0	739	422	4934	0	231585	1001	2373	0	612	530	821	3163	421	0	495	3181	17777	0	735	1089	0	852	1826	0	0	1624	28678	2166	46563	2307	2575	0	49203	0	6007	4238	4433	705	1260	4111	3642
Anaerobutyricum hallii S61.22	81478	34313	0	4078	33950	60574	64281	0	73158	3173	47853	483	53139	38739	30256	37324	57005	13494	206694	0	222658	106819	83310	148202	64544	33599	29650	0	0	14191	2561	158536	14622	0	0	28478	94416	55788	14221	34936	15418	13357	17943	9645	23633	12999	116026	0	5007	48670	34308	18104	17361	79142	2279	0	61459	29456	5857	5138	33680	51614	0	76444	40344	71805	0	39908	21797	20586	25102	111769	63292	22627	39810	45646
Ruminococcus_C sp000433635 S61.34	0	21412	0	88986	97979	22217	36962	4389	0	3913	3960	6538	12373	25810	3872	664	21626	10442	42169	9873	12320	2365	2806	19646	34206	29948	116837	11330	8796	454	6152	74206	12875	1692	0	11929	10920	55545	0	25756	9379	26218	0	0	5150	0	7425	1755	0	14525	55282	16921	0	64996	0	0	11991	0	1427	1597	3948	45477	20647	135553	23649	7168	2286	32381	2298	64699	34111	59203	56651	23442	43954	25016
Escherichia coli S62.26	6401	13871	5050	0	24193	18601	56968	260325	40648	26816	77253	8891	377779	9953	43203	30383	6178	235301	67601	65333	21665	691308	695376	16944	31432	4906	7078	89101	82197	299471	7406	33257	104896	21490	254915	25252	0	20059	5832351	0	12484	12449	0	10024005	10118	288097	29807	574800	0	2054	7100	36309	64594	34118	219594	295086	93161	36807	0	145612	66467	46426	38215	13000	30507	761564	0	31824	89758	29096	52616	239357	25484	0	16794	6273
Ruminococcus_E sp003526955 S62.34	2625	6829	0	29754	521	8263	24739	0	52937	0	0	183871	124636	7196	0	0	1550	3187	2873	33855	0	5648	1887	44727	2531229	0	12176	28549	22254	159971	155952	17453	6285	12843	1503	2050412	68126	373639	122371	25250	14534	48713	6049	7754	8223	0	15243	75485	0	0	10331	17334	4398	59630	504	1286	0	4441	0	1732	91080	0	7606	630	2292929	18817	20090	84464	4316	162939	11880	7209	49941	492	2371	0
Roseburia inulinivorans S65.7	55811	44162	3315	56274	176888	41677	179958	65770	53031	44316	157986	65200	171047	39535	39053	176363	103567	56402	106792	89510	67793	60022	56164	259092	97782	62012	153476	73299	60746	114535	53197	83437	40942	15675	32924	154842	99301	95750	24384	210269	69347	66389	5653	12310	62791	21764	63516	32166	39901	170070	82126	54113	79934	146140	38954	28937	35617	61752	13048	3297	86810	102202	92531	270496	78804	113803	3541	74448	10960	115777	129849	92819	118541	112640	134201	91682
Faecalibacterium longum S65.8	33862	48527	3368	28940	82926	39939	40656	39829	38362	3969	122108	10626	278458	40762	0	0	82268	128108	23662	35701	0	11574	22071	3394	230981	2218	107981	22675	22070	177038	2538	10133	51995	0	65884	53237	6546	39165	3592	17629	11934	122745	32582	15801	44266	61424	100283	45374	58223	0	42012	45201	67778	33810	103285	99514	5315	66197	2694	48285	10405	57333	100166	13261	173593	8201	1171	80019	835	88751	81690	31119	48103	15868	134786	114809
Bacteroides caccae S67.19	70495	207305	33891	1786	85552	223304	363690	0	87122	521482	177838	29511	522797	223516	179332	237087	872649	1775178	72877	27364	145712	40493	50794	12334	47842	6041	15562	132047	83180	1468019	38392	24629	90747	171529	1878	214035	13117	54187	64510	594187	16590	10001	2515	1287	126241	0	43616	501082	0	158518	27260	152812	16683	73772	10907	3195	28571	237049	873754	82097	152409	146880	279967	8623	96220	30503	2409	191776	62483	136567	74555	91335	736781	572869	58002	536677
Agathobaculum sp900291975 S68.10	950	1074	1901	2072	1413	13715	3409	18206	2549	2078	0	3369	0	1489	487	0	5665	2315	34321	11243	1236	1288	1314	48148	9552	3526	4221	10994	9166	381	3997	6691	1002	1375	540	3273	1771	4058	0	1243	6795	878	0	902	4744	1028	13819	0	0	662	2259	1612	0	1960	0	0	5662	6496	8907	0	1208	2680	621	6614	5398	484	0	3896	981	1261	3728	22913	1575	29785	16799	5153
Anaerotignum faecicola S68.14	5402	29153	2406	18712	7696	18313	12180	11481	14200	25976	16558	10437	17034	21925	1652	0	30164	27891	27512	24924	4145	4501	5388	19734	6390	3432	19535	32029	23968	10192	9979	34566	7630	8693	1382	18063	22701	16277	23813	21847	15890	12841	1551	6501	19824	0	30965	22921	4992	0	52163	8614	0	25062	888	0	11572	7653	2239	1958	11441	10924	14149	41337	10009	30630	0	20189	5024	29043	21336	37774	46934	15794	48435	40152
Gordonibacter pamelaeae S68.17	2644	17688	2812	3632	3575	33482	1559	4146	1524	1748	2624	7783	0	19225	3594	3751	3639	0	44993	903	16310	2718	2301	4330	4274	13635	0	1063	1208	602	5482	31573	1658	0	0	3137	1783	42329	0	17535	22846	3145	0	1072	1072	0	14480	0	0	0	3439	1513	0	3417	570	0	2727	7259	1165	0	982	3246	1623	12873	2396	1561	0	8459	7562	8318	1336	26254	12487	5275	15055	3789
Clostridium_AP sp000509125 S68.22	6266	5765	0	9613	1569	467	0	43921	45024	5036	3886	1617	654	4615	4073	58561	2764	38290	2246	10497	1081	0	0	57763	2324	1373	1985	13259	6168	3394	1110	27137	0	0	1488	639	2066	4860	110917	1990	107004	17393	0	26784	21241	0	22794	463	801	3741	1920	674	9699	4165	0	0	5229	18283	3101	0	9483	1076	858	1958	1800	0	0	1860	0	1088	10064	1868	2144	20145	10931	2493
Blautia_A massiliensis S68.24	52097	84843	14334	2829	79853	58105	167356	2085	2695	10221	1434	124043	43459	123232	13524	847	89689	1405	70899	68711	75635	57661	40561	1370841	124765	26631	107801	61648	54279	6347	73595	86874	58222	0	0	41638	7484	191610	1735	79629	4702	26506	0	1671	8684	32457	144563	11365	0	0	35586	70114	0	127238	10169	0	73530	179640	2128	46025	4138	87717	51157	24750	66990	31196	0	48968	0	91957	3460	50745	56084	83060	545028	72498
Lentihominibacter excrementigallinarum S68.8	5550	0	2499	15932	3699	1916	8576	0	1405	1682	5130	1147	2497	0	511	0	1908	42379	5193	1954	517	2449	2453	1987	2246	551	10351	1673	2002	399	1319	5283	2616	0	572	823	45004	4099	0	1622	2340	2165	0	472	1028	0	969	51541	0	1830	1697	2913	0	3415	898	0	2854	4400	844	525	10432	2087	3848	1756	1224	1892	0	3221	2421	3961	2934	4877	2251	1787	8787	1742
Acutalibacteraceae S69.33	1140	0	1121	4647	28805	39111	15186	2531	40654	11831	637	26197	5231	0	11894	9361	11425	4760	11502	10449	4608	1071	3584	4859	8522	6401	12662	13545	9116	1472	24006	22109	14702	10235	0	6040	7977	20611	0	7563	8460	12968	863	0	9746	0	25345	0	0	1748	31748	30161	5525	14636	0	0	3914	8622	717	1798	6797	3632	18405	14014	9851	17670	735	27764	2024	30511	29981	16328	38616	0	16483	13615
Plesiomonas shigelloides S70.1	8546	0	0	0	1578	3672	3062	132204	1724	1673	8022	708	1082	0	0	0	7380	2106	4149	177733	0	10458	8715	3280	2186	0	756	60588	15509	1058	556	2185	22946	0	46406	1939	0	3588	16316	1326	1466	5142	27375	30517	15508	44747	1117	0	17782	2050	4122	10871	63724	0	53663	60127	0	2289	956	186732	0	13187	1156	1360	1318	2804	16350	3653	513	3329	3734	11272	1823	1055	2448	5322
Fimenecus sp000432435 S72.33	25713	98402	1184	22717	235906	34740	31919	4001	0	2872	83337	198385	37057	45352	37699	72639	125060	28744	35697	31493	17065	12501	26282	34553	21790	1914080	115333	32051	23280	3725	139116	68917	40729	0	0	107039	20683	20913	49211	67733	75528	36062	0	5924	18286	0	0	0	20126	127467	36002	83321	53468	64794	0	0	2482	7413	1427	2077	22924	188251	32555	19349	8341	19501	1634	33138	1192	65268	222523	40338	191043	0	44877	164568
Clostridium_AQ sp003481775 S75.14	2057	1187	605	5933	579	1099	805	1888	8830	0	1810	1209	5693	1362	0	2269	1022	2275	9243	1285	2183	1936	1996	9539	604	2797	702	1352	839	5470	637	0	0	2155	1886	540	5864	2248	7867	0	2043	661	7610	3622	1124	0	2059	0	0	1679	0	0	0	2215	0	0	3676	2241	2433	501	5728	572	993	839	965	2198	0	797	1287	788	2184	5703	899	1970	5929	557
Faecalimonas S75.32	13442	9040	4505	303072	10898	19491	43395	16284	916648	4340	26228	10035	76716	10661	4361	20975	20053	59042	28290	47267	39661	49386	38550	154538	63052	18136	65793	43026	31890	24293	6599	41036	6543	42205	5092	9920	137469	29599	12413	17531	12825	10704	18553	11330	29161	10511	116932	10788	0	13010	16634	9452	8933	62754	2213	1878	17294	52920	45961	9004	26940	20817	14404	49591	36973	280477	862	20748	40402	17262	12938	20337	19270	53808	1350471	8711
Phocaeicola dorei S76.13	8550	111757	41644	32142	49975	28481	93641	3489	11166	2167985	1759677	26639	243246	66197	336386	514033	68493	3057876	34126	18377	299069	45653	55652	26126	1658225	2297	216386	33841	30855	766657	35894	2011	51149	9239597	562	160213	16282	5220	2273559	271221	51739	63559	0	14982	215988	558	130683	4559458	424293	1223664	390165	42610	493270	29237	795	0	67795	298587	60775	2489640	2058757	194950	1472907	6911	2653656	147653	17143	131220	13887	223678	87669	40015	229830	154041	7274	44515
Ruminiclostridium_E siraeum S76.41	1432	3565	0	817	1109	12482	7998	2448	3577	6891	1183	5115	0	1624	2309	2948	742	4181	2606	1431	2823	817	444	1488	4199	0	2389	2376	1232	1693	4305	12111	1469	8253	0	0	3307	6859	4801	2663	1016	4344	0	0	6731	0	1599	716	0	5107	2002	2425	0	4958	574	0	1031	4121	691	1411	4055	6290	3363	4007	4411	2344	1144	1464	537	21700	7405	1445	607	0	5455	0
Enterocloster sp900541315 S77.4	35871	16987	3657	25047	39009	8340	32831	5240	11428	36306	6668	27920	0	21657	32695	0	43646	20357	7296	12712	26683	68143	96482	79552	77343	4752	24615	12718	9456	0	27771	497	7308	60042	1101	10880	716815	6617	47438	33812	165665	2609	492	1474	15169	2025	0	4152	16550	103169	13619	6207	0	0	7060	0	28180	9871	474	1793	55211	33882	28559	5475	43627	175803	2453	8014	20927	33848	3067	8031	47782	3605	4690	25881
Negativibacillus sp000435195 S79.34	8437	13725	650	63167	105354	31588	47820	0	4609	16052	31127	10669	28984	9619	14598	4393	89941	16694	95863	85563	24479	0	0	18863	44814	42863	65204	126990	88893	13769	7551	24730	21773	6365	0	47118	22047	37552	1028	58886	17342	42475	0	0	1218	1824	27984	0	8901	2472	225626	57048	0	36920	0	0	0	25209	0	0	6464	24663	30521	54179	34772	3420	0	74213	0	98794	39413	302175	26083	50041	73945	120489
Acutalibacteraceae S79.35	5414	7243	1405	2630	14624	26267	29496	1080	12924	33364	16327	31534	11492	4593	18498	11069	9848	16380	24833	4198	10937	0	0	7270	19596	0	14318	10373	4181	24621	30229	22036	11267	18872	0	10300	0	3117	24895	12235	7310	17513	0	1686	0	845	36064	8062	3228	5031	14086	25224	5783	39008	0	0	9787	13817	4007	8509	15418	14622	18889	21101	22940	12627	0	48977	3561	11317	22677	27878	21497	11916	14136	14768
Ruminococcus_B gnavus S81.3	103324	4400	6408	51167	5189	9515	0	12042	40455	0	47068	8597	34988	6057	0	27223	39471	6143	947	63685	578	83811	62563	79455	63563	38678	11587	77628	55013	14857	2624	3294	0	55889	168945	9960	374110	11318	131718	6895	28380	0	0	146945	3637	2653	3247	10359	173248	166598	0	2926	15817	24202	1394	63271	99089	0	477290	7091	19448	5352	0	4849	53409	266710	0	33601	96179	0	56794	0	50327	151991	53100	34639
Mediterraneibacter lactaris S84.10	0	3089	17127	0	23364	6415	68463	0	6698	51950	11433	0	2934	2709	6288	753	50799	1771	3354	9409	22680	2229	3695	45656	0	57312	0	8167	6107	1373	0	104325	41987	673	16277	4866	59989	35140	2822	3155	18233	23343	0	1170	105723	0	13103	4256	0	4150	48794	81779	636	14190	0	6500	14968	37901	40164	812	5674	184123	49071	171456	1425	0	0	73922	0	30311	182578	0	150708	0	14453	100486
Agathobacter rectalis S84.34	45119	59166	0	52212	184129	5713	126817	24487	95905	63738	18866	155017	126733	32829	64407	38501	87213	129713	124494	68393	37207	88187	88725	93529	65115	337686	118501	63077	44185	76701	127186	62475	19413	72481	0	80085	92684	80446	50695	295017	145999	273938	1074	0	90096	1571	16912	45359	43977	16993	0	49794	24843	204028	14217	0	0	48364	2314	15639	103787	91704	96653	604	90437	73077	9889	148465	14199	70482	53103	106974	84435	91025	33817	110715
Phocaeicola massiliensis S86.10	17502	27531	2089	0	80094	68019	206445	27496	33350	339968	3756260	6094	52535	11206	72530	95295	26301	76369	44062	16203	42975	12113	15245	2900	80701	84329	11950	29758	19105	89099	8015	35796	25242	89054	24957	529310	32105	7514	711048	375455	37195	39738	0	28638	550614	6008	156599	56122	137789	89848	68139	33318	35970	74878	0	21131	1074	124349	214332	26972	1095349	10675	126399	6832	235996	14932	3970	44504	9925	21501	103528	44581	4004455	37714	814771	26492
Fusicatenibacter saccharivorans S86.19	15377	19877	4950	69180	2768	42916	8909	132189	82841	14941	631648	61718	0	0	502845	6914	2342	181029	117553	63661	379317	342238	370126	89076	212474	138570	0	58284	51638	40412	0	131930	9038	634330	2579	199763	150168	32989	118470	1579	74821	116019	0	574	25703	0	14478	72668	0	429619	5396	4408	336487	146936	28345	29747	7501	0	0	8857	400647	41420	4520	113726	307511	30111	18595	54214	2546	0	0	90676	380600	2296	671162	0
Clostridium_AQ innocuum S86.26	2264	2509	1375	36470	720	1438	1759	15797	41919	18461	2893	5107	6202	1160	0	1810	1633	6139	22116	4272	825	2603	2451	4221	1826	6780	0	2557	1384	1648	4710	9784	0	14178	124118	456	17133	6553	26642	0	6668	0	53889	13449	3070	0	10708	0	2141	3733	0	0	794	2526	0	26094	5139	1650	40276	3099	31039	0	0	0	3490	28677	0	0	42903	0	1683	13472	1038	9776	275531	859
Prevotella stercorea S86.28	4720	5114	2462	0	10870	2773	0	0	0	9354	0	29853	5738	1452	1742	6162	6795	0	4347	1853	6956	3326	2411	2847	14027	9010	0	2133	2569	3934	23757	3188	16890	867	1941	1979	0	1675	2402	1758	1271	1929	4558	0	0	0	7098	1750	0	16006	7024	140156	13009	3488	1225	3914	1249	1549	3382	0	2620	48703	1458	1860	9531	0	1965	4453	0	38046	29085	3780	0	4121	333735	11560
Negativibacillus sp000435195 S86.29	27604	6651	5320	63841	104118	53736	51713	121725	19300	5484	0	26872	8334	8257	4370	0	64722	4902	65827	8584	14206	17041	13221	23817	14270	13428	62456	0	0	3270	23439	23079	103324	0	316008	5364	10126	27012	19217	19053	0	122574	27382	29432	27734	11067	20051	44963	12035	0	0	96512	24007	13956	115042	200379	49096	40649	8284	122916	19266	47643	28433	35090	8531	27080	53130	22886	7548	34235	35080	266299	19950	21707	675379	78693
Phascolarctobacterium_A succinatutens S87.1	0	597	1020	3852	38118	10531	1522	0	0	0	0	560	1985	578	0	0	1039487	864	2197	1012	1625	582	471	1714	2349	0	1640	1340	0	2517	535	2381	1656	723	477	584	1756	2308	1150	11382	633	486	0	1013	1877	0	1516	0	619	621	1388	988	0	2568	0	0	3142	398	0	0	937	719	798	3106	3336	2333	0	3911	1044	1614	2145	1476	3236	1329	1658	1093321